114,18,318,194,11,12,-1,-1,-1,0
115,18,318,197,11,12,-1,-1,-1,0
116,18,317,197,13,13,-1,-1,-1,0
117,18,317,199,13,13,-1,-1,-1,0
118,18,318,193,10,11,-1,-1,-1,0
119,18,318,193,10,12,-1,-1,-1,0
120,24,363,421,11,11,-1,-1,-1,0
121,24,363,421,11,11,-1,-1,-1,0
122,24,360,420,12,12,-1,-1,-1,0
123,24,359,420,12,11,-1,-1,-1,0
124,18,456,181,12,13,-1,-1,-1,0
124,24,360,420,12,11,-1,-1,-1,0
125,18,470,180,12,13,-1,-1,-1,0
125,24,388,399,14,13,-1,-1,-1,0
127,24,372,411,11,12,-1,-1,-1,0
128,24,365,414,10,12,-1,-1,-1,0
129,24,361,414,10,11,-1,-1,-1,0
130,24,358,411,11,12,-1,-1,-1,0
131,18,336,173,11,12,-1,-1,-1,0
131,24,358,410,10,12,-1,-1,-1,0
132,18,337,171,11,12,-1,-1,-1,0
133,24,353,406,11,12,-1,-1,-1,0
134,24,378,386,13,13,-1,-1,-1,0
135,24,381,383,12,12,-1,-1,-1,0
138,24,393,382,12,14,-1,-1,-1,0
143,18,450,176,11,11,-1,-1,-1,0
154,24,449,213,12,15,-1,-1,-1,0
155,24,456,196,12,14,-1,-1,-1,0
156,24,460,192,12,12,-1,-1,-1,0
157,24,462,191,10,12,-1,-1,-1,0
160,24,463,190,11,14,-1,-1,-1,0
172,24,459,192,12,12,-1,-1,-1,0
191,37,453,391,11,12,-1,-1,-1,0
219,37,372,452,12,13,-1,-1,-1,0
238,37,360,461,12,13,-1,-1,-1,0
248,41,339,210,13,13,-1,-1,-1,0
254,37,271,333,11,11,-1,-1,-1,0
255,37,256,327,11,11,-1,-1,-1,0
255,41,340,213,13,13,-1,-1,-1,0
256,41,340,213,14,14,-1,-1,-1,0
257,41,342,213,12,14,-1,-1,-1,0
258,41,342,212,13,13,-1,-1,-1,0
259,41,342,212,13,14,-1,-1,-1,0
265,41,347,213,12,13,-1,-1,-1,0
266,41,348,214,12,13,-1,-1,-1,0
267,41,350,217,12,14,-1,-1,-1,0
270,41,353,213,13,13,-1,-1,-1,0
272,41,357,203,12,13,-1,-1,-1,0
273,41,359,195,12,15,-1,-1,-1,0
276,41,361,188,12,14,-1,-1,-1,0
277,41,362,185,13,15,-1,-1,-1,0
279,41,363,184,14,15,-1,-1,-1,0
284,41,364,192,13,15,-1,-1,-1,0
285,41,363,196,14,16,-1,-1,-1,0
286,41,363,200,14,15,-1,-1,-1,0
287,41,364,200,14,15,-1,-1,-1,0
289,41,364,205,12,15,-1,-1,-1,0
290,41,365,206,12,14,-1,-1,-1,0
291,41,365,212,13,13,-1,-1,-1,0
313,41,360,221,12,13,-1,-1,-1,0
314,41,360,224,13,14,-1,-1,-1,0
323,41,374,231,13,14,-1,-1,-1,0
324,41,375,234,13,14,-1,-1,-1,0
357,54,332,359,9,10,-1,-1,-1,0
358,54,332,362,12,10,-1,-1,-1,0
506,67,308,414,11,9,-1,-1,-1,0
511,67,309,399,10,8,-1,-1,-1,0
528,67,320,388,10,10,-1,-1,-1,0
529,67,319,389,11,10,-1,-1,-1,0
530,67,316,389,12,10,-1,-1,-1,0
532,67,313,391,12,9,-1,-1,-1,0
554,67,310,377,10,9,-1,-1,-1,0
558,73,422,504,10,7,-1,-1,-1,0
583,67,272,396,10,11,-1,-1,-1,0
608,67,402,451,12,13,-1,-1,-1,0
616,67,410,466,14,13,-1,-1,-1,0
617,67,413,469,14,15,-1,-1,-1,0
618,67,415,470,14,14,-1,-1,-1,0
624,67,416,465,13,14,-1,-1,-1,0
625,67,425,469,13,14,-1,-1,-1,0
628,67,418,454,13,14,-1,-1,-1,0
630,67,419,451,13,13,-1,-1,-1,0
631,67,422,448,11,13,-1,-1,-1,0
632,67,424,447,11,12,-1,-1,-1,0
633,67,424,445,12,13,-1,-1,-1,0
647,67,406,460,13,14,-1,-1,-1,0
654,67,401,474,13,13,-1,-1,-1,0
663,67,402,475,14,15,-1,-1,-1,0
667,67,408,470,14,15,-1,-1,-1,0
672,67,419,465,11,14,-1,-1,-1,0
673,67,421,463,13,15,-1,-1,-1,0
674,67,424,464,13,14,-1,-1,-1,0
677,67,425,469,13,14,-1,-1,-1,0
678,67,426,471,14,15,-1,-1,-1,0
679,67,428,473,14,14,-1,-1,-1,0
684,67,427,480,14,14,-1,-1,-1,0
687,67,424,485,14,13,-1,-1,-1,0
688,67,423,486,14,14,-1,-1,-1,0
701,67,413,484,13,14,-1,-1,-1,0
702,67,408,484,14,14,-1,-1,-1,0
703,67,406,483,14,15,-1,-1,-1,0
722,67,409,487,13,13,-1,-1,-1,0
736,67,421,483,12,12,-1,-1,-1,0
740,67,424,480,12,13,-1,-1,-1,0
741,67,425,479,12,14,-1,-1,-1,0
742,67,426,480,13,14,-1,-1,-1,0
743,67,427,481,13,13,-1,-1,-1,0
744,67,427,480,13,14,-1,-1,-1,0
747,67,424,481,14,13,-1,-1,-1,0
748,67,423,481,14,14,-1,-1,-1,0
749,67,423,480,14,14,-1,-1,-1,0
750,67,423,480,14,14,-1,-1,-1,0
760,67,412,469,12,13,-1,-1,-1,0
768,67,405,462,14,14,-1,-1,-1,0
769,67,405,459,12,14,-1,-1,-1,0
772,67,405,460,14,13,-1,-1,-1,0
774,67,407,460,11,13,-1,-1,-1,0
775,67,407,460,13,13,-1,-1,-1,0
776,67,408,459,13,14,-1,-1,-1,0
778,67,412,460,11,13,-1,-1,-1,0
790,67,404,461,14,11,-1,-1,-1,0
792,67,404,461,11,12,-1,-1,-1,0
793,67,403,462,12,12,-1,-1,-1,0
794,67,405,462,11,13,-1,-1,-1,0
802,67,405,458,12,13,-1,-1,-1,0
803,67,406,457,13,13,-1,-1,-1,0
804,67,407,456,13,13,-1,-1,-1,0
810,67,406,458,11,13,-1,-1,-1,0
811,67,406,460,12,13,-1,-1,-1,0
812,67,404,460,13,12,-1,-1,-1,0
838,67,437,460,11,13,-1,-1,-1,0
880,85,236,208,10,11,-1,-1,-1,0
888,88,404,468,13,13,-1,-1,-1,0
908,88,417,467,13,15,-1,-1,-1,0
909,85,321,335,13,14,-1,-1,-1,0
909,88,422,467,13,15,-1,-1,-1,0
962,90,425,502,11,9,-1,-1,-1,0
987,90,406,473,12,13,-1,-1,-1,0
1007,93,304,365,12,10,-1,-1,-1,0
1008,93,305,365,10,9,-1,-1,-1,0
1011,93,306,360,10,9,-1,-1,-1,0
1017,93,314,354,10,9,-1,-1,-1,0
1018,93,317,352,10,9,-1,-1,-1,0
1019,93,320,350,9,8,-1,-1,-1,0
1027,93,326,356,10,8,-1,-1,-1,0
1094,101,437,456,13,11,-1,-1,-1,0
1095,101,439,455,11,12,-1,-1,-1,0
1104,101,362,353,10,10,-1,-1,-1,0
1114,101,348,345,10,9,-1,-1,-1,0
1122,101,345,345,11,10,-1,-1,-1,0
1123,101,345,346,11,10,-1,-1,-1,0
1124,101,344,346,11,11,-1,-1,-1,0
1126,101,343,347,13,10,-1,-1,-1,0
1127,101,344,347,11,10,-1,-1,-1,0
1128,101,344,347,10,10,-1,-1,-1,0
1129,101,345,347,10,10,-1,-1,-1,0
1130,101,345,349,10,9,-1,-1,-1,0
1130,109,262,229,12,13,-1,-1,-1,0
1131,101,341,344,10,9,-1,-1,-1,0
1131,109,261,229,13,14,-1,-1,-1,0
1132,101,344,347,11,10,-1,-1,-1,0
1132,109,260,228,13,13,-1,-1,-1,0
1132,111,324,201,12,14,-1,-1,-1,0
1133,101,340,343,12,11,-1,-1,-1,0
1133,109,260,229,13,14,-1,-1,-1,0
1133,111,323,200,12,14,-1,-1,-1,0
1154,101,329,343,12,10,-1,-1,-1,0
1287,129,351,327,10,8,-1,-1,-1,0
1288,129,350,327,10,8,-1,-1,-1,0
1295,129,347,327,11,9,-1,-1,-1,0
1295,131,339,190,13,16,-1,-1,-1,0
1296,129,346,327,12,10,-1,-1,-1,0
1296,131,338,190,14,16,-1,-1,-1,0
1297,131,338,190,15,17,-1,-1,-1,0
1325,131,339,191,12,16,-1,-1,-1,0
1326,131,307,208,12,16,-1,-1,-1,0
1327,131,302,211,12,16,-1,-1,-1,0
1328,131,293,215,12,17,-1,-1,-1,0
1346,131,401,214,14,18,-1,-1,-1,0
1347,131,409,211,16,19,-1,-1,-1,0
1348,131,412,209,14,20,-1,-1,-1,0
1349,131,411,208,15,20,-1,-1,-1,0
1354,131,407,210,15,18,-1,-1,-1,0
1483,145,234,351,10,8,-1,-1,-1,0
1501,145,237,380,10,10,-1,-1,-1,0
1502,145,238,384,9,10,-1,-1,-1,0
1503,145,237,385,10,11,-1,-1,-1,0
1503,148,482,289,14,19,-1,-1,-1,0
1504,145,237,390,10,11,-1,-1,-1,0
1504,148,481,290,15,19,-1,-1,-1,0
1505,148,479,291,17,19,-1,-1,-1,0
1506,148,480,292,14,19,-1,-1,-1,0
1507,148,480,293,15,19,-1,-1,-1,0
1509,148,481,296,14,21,-1,-1,-1,0
1519,148,478,314,16,21,-1,-1,-1,0
1520,148,477,321,17,21,-1,-1,-1,0
1521,148,477,325,17,19,-1,-1,-1,0
1523,148,478,326,16,20,-1,-1,-1,0
1524,148,479,326,15,21,-1,-1,-1,0
1541,148,494,365,16,23,-1,-1,-1,0
1556,148,509,407,16,21,-1,-1,-1,0
1563,148,516,425,18,24,-1,-1,-1,0
1564,148,520,436,17,25,-1,-1,-1,0
1580,148,531,464,18,29,-1,-1,-1,0
1581,148,535,476,18,30,-1,-1,-1,0
1586,148,536,473,20,32,-1,-1,-1,0
1587,148,539,482,21,29,-1,-1,-1,0
1588,155,296,108,11,17,-1,-1,-1,0
1596,148,453,384,18,26,-1,-1,-1,0
1597,148,446,373,17,25,-1,-1,-1,0
1600,155,285,94,11,17,-1,-1,-1,0
1601,148,441,359,16,21,-1,-1,-1,0
1601,155,283,92,11,17,-1,-1,-1,0
1602,148,440,355,16,21,-1,-1,-1,0
1603,148,438,355,16,21,-1,-1,-1,0
1604,148,438,355,16,21,-1,-1,-1,0
1605,148,438,357,16,19,-1,-1,-1,0
1625,148,362,357,15,18,-1,-1,-1,0
1627,148,419,364,16,18,-1,-1,-1,0
1629,148,433,368,16,20,-1,-1,-1,0
1630,148,439,372,16,20,-1,-1,-1,0
1642,148,436,391,16,18,-1,-1,-1,0
1655,148,430,407,15,18,-1,-1,-1,0
1656,148,426,413,17,18,-1,-1,-1,0
1657,148,426,415,16,20,-1,-1,-1,0
1668,148,425,432,17,19,-1,-1,-1,0
1670,148,425,439,17,19,-1,-1,-1,0
1684,148,370,436,18,19,-1,-1,-1,0
1686,148,348,437,18,17,-1,-1,-1,0
1687,148,340,441,18,17,-1,-1,-1,0
1696,148,312,480,18,19,-1,-1,-1,0
1697,148,325,473,18,17,-1,-1,-1,0
1698,148,309,489,18,17,-1,-1,-1,0
1699,148,301,498,20,13,-1,-1,-1,0
1700,148,300,501,15,10,-1,-1,-1,0
1701,148,298,503,15,8,-1,-1,-1,0
1702,148,297,504,15,7,-1,-1,-1,0
1703,148,297,505,14,6,-1,-1,-1,0
1704,148,294,506,17,5,-1,-1,-1,0
1805,167,410,343,14,24,-1,-1,-1,0
1806,167,409,343,16,23,-1,-1,-1,0
1825,167,401,394,16,23,-1,-1,-1,0
1830,167,396,411,17,23,-1,-1,-1,0
1838,167,396,391,16,25,-1,-1,-1,0
1839,167,396,379,16,26,-1,-1,-1,0
1842,167,394,362,17,27,-1,-1,-1,0
1843,167,393,354,16,26,-1,-1,-1,0
1844,167,393,349,17,26,-1,-1,-1,0
1845,167,392,347,17,26,-1,-1,-1,0
1846,167,391,345,18,26,-1,-1,-1,0
1849,167,388,344,16,24,-1,-1,-1,0
1850,167,386,344,16,23,-1,-1,-1,0
1851,167,384,344,17,24,-1,-1,-1,0
1852,167,382,343,16,24,-1,-1,-1,0
1855,167,377,344,18,25,-1,-1,-1,0
1856,167,376,343,16,25,-1,-1,-1,0
1857,167,374,343,18,24,-1,-1,-1,0
1858,167,374,342,17,24,-1,-1,-1,0
1859,167,373,344,16,24,-1,-1,-1,0
1860,167,371,346,18,25,-1,-1,-1,0
1863,167,371,348,17,23,-1,-1,-1,0
1864,167,369,348,17,23,-1,-1,-1,0
1867,167,367,350,18,23,-1,-1,-1,0
1868,167,367,351,17,22,-1,-1,-1,0
1871,167,368,351,16,23,-1,-1,-1,0
1872,167,367,353,17,22,-1,-1,-1,0
1873,167,368,354,16,21,-1,-1,-1,0
1874,167,369,355,16,21,-1,-1,-1,0
1875,167,369,355,16,22,-1,-1,-1,0
1876,167,369,356,16,22,-1,-1,-1,0
1881,167,373,360,16,23,-1,-1,-1,0
1882,167,374,362,17,23,-1,-1,-1,0
1883,167,375,363,17,23,-1,-1,-1,0
1884,167,375,363,17,24,-1,-1,-1,0
1886,167,372,364,18,24,-1,-1,-1,0
1889,167,372,371,18,24,-1,-1,-1,0
1890,167,372,374,17,24,-1,-1,-1,0
1891,167,372,376,16,23,-1,-1,-1,0
1892,167,371,378,16,22,-1,-1,-1,0
1893,167,372,378,17,21,-1,-1,-1,0
1894,167,373,377,16,21,-1,-1,-1,0
1894,173,363,396,12,14,-1,-1,-1,0
1896,167,372,376,15,22,-1,-1,-1,0
1896,173,360,397,12,13,-1,-1,-1,0
1897,167,370,375,17,23,-1,-1,-1,0
1897,173,359,397,12,14,-1,-1,-1,0
1898,167,370,375,17,22,-1,-1,-1,0
1898,173,358,398,13,13,-1,-1,-1,0
1899,167,369,377,18,21,-1,-1,-1,0
1899,173,358,399,13,13,-1,-1,-1,0
1900,167,368,380,17,22,-1,-1,-1,0
1901,167,368,384,17,23,-1,-1,-1,0
1902,167,368,389,17,23,-1,-1,-1,0
1903,167,368,393,17,25,-1,-1,-1,0
1904,167,369,399,18,24,-1,-1,-1,0
1905,167,373,403,17,24,-1,-1,-1,0
1907,167,375,409,18,25,-1,-1,-1,0
1920,167,377,427,17,21,-1,-1,-1,0
1942,174,218,146,10,15,-1,-1,-1,0
1943,174,215,147,10,15,-1,-1,-1,0
1944,174,213,145,12,15,-1,-1,-1,0
1945,174,212,143,11,15,-1,-1,-1,0
1951,174,205,129,11,15,-1,-1,-1,0
1952,174,202,124,11,14,-1,-1,-1,0
1955,174,199,122,12,14,-1,-1,-1,0
1960,174,198,107,12,16,-1,-1,-1,0
1961,174,196,102,11,16,-1,-1,-1,0
1969,174,194,43,11,15,-1,-1,-1,0
1970,174,194,39,11,16,-1,-1,-1,0
1970,177,345,399,16,17,-1,-1,-1,0
1971,174,194,38,11,16,-1,-1,-1,0
1971,177,346,400,14,17,-1,-1,-1,0
1972,174,194,38,12,17,-1,-1,-1,0
1973,174,196,41,11,15,-1,-1,-1,0
1979,177,345,421,15,19,-1,-1,-1,0
1980,177,343,425,17,19,-1,-1,-1,0
1981,177,342,425,18,19,-1,-1,-1,0
1982,177,343,423,17,19,-1,-1,-1,0
1982,180,197,60,10,15,-1,-1,-1,0
1983,177,343,426,17,18,-1,-1,-1,0
1983,180,198,58,10,17,-1,-1,-1,0
1985,177,344,421,15,19,-1,-1,-1,0
1985,180,198,57,10,18,-1,-1,-1,0
1986,177,344,422,15,20,-1,-1,-1,0
1986,180,196,57,13,21,-1,-1,-1,0
1988,180,195,59,14,18,-1,-1,-1,0
1989,180,196,58,12,17,-1,-1,-1,0
1990,180,196,57,12,16,-1,-1,-1,0
1996,180,198,63,11,15,-1,-1,-1,0
1997,180,200,63,11,17,-1,-1,-1,0
2005,180,204,68,13,16,-1,-1,-1,0
2014,177,361,408,17,23,-1,-1,-1,0
2018,177,356,400,17,23,-1,-1,-1,0
2019,177,356,399,17,23,-1,-1,-1,0
2019,182,202,27,15,21,-1,-1,-1,0
2020,182,203,26,12,20,-1,-1,-1,0
2022,182,201,32,14,19,-1,-1,-1,0
2025,182,198,32,14,19,-1,-1,-1,0
2026,182,197,31,14,19,-1,-1,-1,0
2027,182,197,32,13,19,-1,-1,-1,0
2028,182,196,32,13,19,-1,-1,-1,0
2029,182,196,35,14,17,-1,-1,-1,0
2030,180,197,39,15,21,-1,-1,-1,0
2030,182,196,35,13,17,-1,-1,-1,0
2031,180,197,37,14,21,-1,-1,-1,0
2032,180,196,38,14,21,-1,-1,-1,0
2033,180,196,39,13,21,-1,-1,-1,0
2034,180,196,40,13,20,-1,-1,-1,0
2035,180,196,41,14,18,-1,-1,-1,0
2036,180,197,42,13,18,-1,-1,-1,0
2037,180,197,43,13,19,-1,-1,-1,0
2038,180,198,43,13,20,-1,-1,-1,0
2043,177,363,435,16,22,-1,-1,-1,0
2044,177,362,439,17,21,-1,-1,-1,0
2044,180,201,54,13,17,-1,-1,-1,0
2046,180,203,58,12,16,-1,-1,-1,0
2047,177,361,445,16,21,-1,-1,-1,0
2047,180,203,60,13,17,-1,-1,-1,0
2048,177,361,447,17,21,-1,-1,-1,0
2048,180,202,61,14,15,-1,-1,-1,0
2049,177,361,449,17,21,-1,-1,-1,0
2049,180,204,61,11,15,-1,-1,-1,0
2050,180,204,62,12,15,-1,-1,-1,0
2050,182,203,60,14,20,-1,-1,-1,0
2051,182,204,62,13,18,-1,-1,-1,0
2052,182,204,63,13,17,-1,-1,-1,0
2053,182,205,63,12,16,-1,-1,-1,0
2057,177,377,459,15,18,-1,-1,-1,0
2060,182,209,72,13,16,-1,-1,-1,0
2061,182,210,75,12,15,-1,-1,-1,0
2062,182,211,75,12,15,-1,-1,-1,0
2063,182,211,75,12,16,-1,-1,-1,0
2064,177,385,475,15,17,-1,-1,-1,0
2064,182,212,77,11,16,-1,-1,-1,0
2065,177,387,476,14,18,-1,-1,-1,0
2066,177,386,479,16,19,-1,-1,-1,0
2067,177,385,483,16,19,-1,-1,-1,0
2068,177,383,486,15,21,-1,-1,-1,0
2069,177,382,487,15,21,-1,-1,-1,0
2070,177,380,488,16,19,-1,-1,-1,0
2071,177,378,489,16,17,-1,-1,-1,0
2072,177,377,490,15,18,-1,-1,-1,0
2073,177,375,492,15,18,-1,-1,-1,0
2075,177,369,496,18,15,-1,-1,-1,0
2076,177,371,498,14,13,-1,-1,-1,0
2077,177,369,500,16,11,-1,-1,-1,0
2078,177,367,500,15,11,-1,-1,-1,0
2079,177,365,501,15,10,-1,-1,-1,0
2080,177,363,501,14,10,-1,-1,-1,0
2081,177,362,500,14,11,-1,-1,-1,0
2082,177,362,500,14,11,-1,-1,-1,0
2082,182,207,81,12,17,-1,-1,-1,0
2083,177,363,500,13,11,-1,-1,-1,0
2083,182,207,81,12,16,-1,-1,-1,0
2084,177,363,500,14,11,-1,-1,-1,0
2084,182,207,81,12,16,-1,-1,-1,0
2085,177,363,500,14,11,-1,-1,-1,0
2086,177,363,501,13,10,-1,-1,-1,0
2087,177,363,501,13,10,-1,-1,-1,0
2088,177,363,502,14,9,-1,-1,-1,0
2089,177,365,504,13,7,-1,-1,-1,0
2091,177,366,505,13,6,-1,-1,-1,0
2092,177,367,504,11,7,-1,-1,-1,0
2092,182,207,76,13,20,-1,-1,-1,0
2093,177,367,505,11,6,-1,-1,-1,0
2093,182,207,75,13,19,-1,-1,-1,0
2094,182,207,76,13,19,-1,-1,-1,0
2095,182,208,78,13,18,-1,-1,-1,0
2098,182,208,81,13,18,-1,-1,-1,0
2100,182,208,88,13,17,-1,-1,-1,0
2105,182,206,98,12,18,-1,-1,-1,0
2107,182,205,110,12,20,-1,-1,-1,0
2108,182,205,118,12,20,-1,-1,-1,0
2109,182,203,124,14,21,-1,-1,-1,0
2110,182,203,130,14,22,-1,-1,-1,0
2111,182,203,135,13,19,-1,-1,-1,0
2112,182,203,135,14,20,-1,-1,-1,0
2113,182,203,135,14,18,-1,-1,-1,0
2114,182,204,134,12,18,-1,-1,-1,0
2115,182,204,131,13,18,-1,-1,-1,0
2116,182,205,128,13,18,-1,-1,-1,0
2117,182,205,125,13,18,-1,-1,-1,0
2118,182,205,123,12,17,-1,-1,-1,0
2119,182,205,121,11,16,-1,-1,-1,0
2120,182,206,118,11,18,-1,-1,-1,0
2121,182,204,116,14,18,-1,-1,-1,0
2122,182,204,113,12,19,-1,-1,-1,0
2123,182,204,111,13,20,-1,-1,-1,0
2124,182,204,107,13,22,-1,-1,-1,0
2125,182,204,106,13,19,-1,-1,-1,0
2126,182,203,104,13,18,-1,-1,-1,0
2129,182,202,107,13,20,-1,-1,-1,0
2130,182,201,111,13,19,-1,-1,-1,0
2131,182,201,114,13,20,-1,-1,-1,0
2132,182,200,119,13,20,-1,-1,-1,0
2133,182,200,124,13,20,-1,-1,-1,0
2134,182,199,129,13,17,-1,-1,-1,0
2135,182,199,132,12,17,-1,-1,-1,0
2136,182,199,139,13,20,-1,-1,-1,0
2137,182,198,143,14,21,-1,-1,-1,0
2138,182,200,149,12,18,-1,-1,-1,0
2139,182,199,153,13,18,-1,-1,-1,0
2141,182,199,170,12,20,-1,-1,-1,0
2142,182,199,178,12,20,-1,-1,-1,0
2143,182,199,181,13,20,-1,-1,-1,0
2145,182,198,185,13,19,-1,-1,-1,0
2146,182,198,187,13,18,-1,-1,-1,0
2147,182,198,189,13,16,-1,-1,-1,0
2148,182,198,191,11,16,-1,-1,-1,0
2149,182,197,192,12,16,-1,-1,-1,0
2150,182,197,192,11,17,-1,-1,-1,0
2151,182,196,192,11,18,-1,-1,-1,0
2152,182,194,192,13,17,-1,-1,-1,0
2153,182,194,192,12,16,-1,-1,-1,0
2156,182,195,189,11,17,-1,-1,-1,0
2157,182,194,185,12,17,-1,-1,-1,0
2159,182,191,175,12,18,-1,-1,-1,0
2160,182,189,168,12,18,-1,-1,-1,0
2162,182,187,162,11,17,-1,-1,-1,0
2163,182,186,158,11,17,-1,-1,-1,0
2164,182,184,155,11,17,-1,-1,-1,0
2165,182,181,152,12,17,-1,-1,-1,0
2166,182,180,150,11,16,-1,-1,-1,0
2167,182,178,145,12,18,-1,-1,-1,0
2172,182,173,136,12,16,-1,-1,-1,0
2174,182,170,130,12,17,-1,-1,-1,0
2175,182,170,128,11,15,-1,-1,-1,0
2176,182,170,126,11,16,-1,-1,-1,0
2182,182,168,123,12,17,-1,-1,-1,0
2183,182,168,124,12,15,-1,-1,-1,0
2185,182,168,123,12,16,-1,-1,-1,0
2190,182,169,124,11,16,-1,-1,-1,0
2195,182,167,123,12,17,-1,-1,-1,0
2196,182,166,123,12,16,-1,-1,-1,0
2197,182,165,123,11,16,-1,-1,-1,0
2198,182,164,124,12,16,-1,-1,-1,0
2199,182,164,122,12,18,-1,-1,-1,0
2200,182,164,120,11,17,-1,-1,-1,0
2202,182,163,119,11,17,-1,-1,-1,0
2207,182,164,121,11,16,-1,-1,-1,0
2208,182,165,122,11,16,-1,-1,-1,0
2209,182,166,123,12,16,-1,-1,-1,0
2210,182,166,123,12,16,-1,-1,-1,0
2211,182,167,121,11,18,-1,-1,-1,0
2215,182,166,114,13,18,-1,-1,-1,0
2216,182,167,111,12,19,-1,-1,-1,0
2217,182,167,110,13,19,-1,-1,-1,0
2218,182,167,109,13,19,-1,-1,-1,0
2219,182,168,108,12,19,-1,-1,-1,0
2223,182,171,100,13,18,-1,-1,-1,0
2225,182,175,91,13,20,-1,-1,-1,0
2229,182,180,76,14,21,-1,-1,-1,0
2230,182,184,67,14,21,-1,-1,-1,0
2233,182,186,57,15,20,-1,-1,-1,0
2238,182,188,51,14,18,-1,-1,-1,0
2241,182,188,47,13,17,-1,-1,-1,0
2242,182,189,41,13,17,-1,-1,-1,0
2268,188,206,124,11,17,-1,-1,-1,0
2274,188,209,110,12,18,-1,-1,-1,0
2275,188,210,104,15,18,-1,-1,-1,0
2276,188,211,99,12,18,-1,-1,-1,0
2277,188,211,97,12,17,-1,-1,-1,0
2278,188,212,94,11,18,-1,-1,-1,0
2281,188,212,91,12,20,-1,-1,-1,0
2282,188,211,89,13,21,-1,-1,-1,0
2306,188,206,89,14,19,-1,-1,-1,0
2307,188,205,87,13,18,-1,-1,-1,0
2308,188,205,86,12,17,-1,-1,-1,0
2309,188,205,85,11,17,-1,-1,-1,0
2310,188,204,84,13,18,-1,-1,-1,0
2311,188,205,82,14,20,-1,-1,-1,0
2330,188,211,99,13,20,-1,-1,-1,0
2350,188,210,125,12,18,-1,-1,-1,0
2365,188,213,141,12,16,-1,-1,-1,0
2382,188,213,154,10,18,-1,-1,-1,0
2383,188,212,160,12,17,-1,-1,-1,0
2384,188,212,161,11,17,-1,-1,-1,0
2396,188,209,146,14,20,-1,-1,-1,0
2397,188,209,139,14,21,-1,-1,-1,0
2398,188,210,136,13,19,-1,-1,-1,0
2399,188,209,131,13,20,-1,-1,-1,0
2401,188,208,121,13,19,-1,-1,-1,0
2402,188,208,118,13,18,-1,-1,-1,0
2403,188,208,117,13,18,-1,-1,-1,0
2453,197,220,110,11,16,-1,-1,-1,0
2465,197,233,110,11,18,-1,-1,-1,0
2466,197,237,113,12,18,-1,-1,-1,0
2467,197,239,117,11,17,-1,-1,-1,0
2469,197,239,121,12,16,-1,-1,-1,0
2479,197,238,135,12,19,-1,-1,-1,0
2480,197,237,138,13,20,-1,-1,-1,0
2487,197,238,151,13,19,-1,-1,-1,0
2488,197,238,153,12,18,-1,-1,-1,0
2489,197,238,151,12,20,-1,-1,-1,0
2490,197,237,150,12,20,-1,-1,-1,0
2491,197,236,149,13,20,-1,-1,-1,0
2492,197,236,148,13,20,-1,-1,-1,0
2496,197,234,145,14,20,-1,-1,-1,0
2497,197,235,146,13,20,-1,-1,-1,0
2498,197,233,141,12,18,-1,-1,-1,0
2499,197,233,139,13,18,-1,-1,-1,0
2500,197,233,138,12,18,-1,-1,-1,0
2502,197,231,135,12,20,-1,-1,-1,0
2503,197,230,135,13,20,-1,-1,-1,0
2504,202,0,338,9,14,-1,-1,-1,0
2507,197,229,129,12,19,-1,-1,-1,0
2508,197,228,127,13,20,-1,-1,-1,0
2509,197,228,126,13,20,-1,-1,-1,0
2510,197,227,125,14,21,-1,-1,-1,0
2512,197,227,124,13,19,-1,-1,-1,0
2513,197,226,124,14,20,-1,-1,-1,0
2514,197,226,125,12,18,-1,-1,-1,0
2527,197,225,132,13,18,-1,-1,-1,0
2536,197,221,120,14,20,-1,-1,-1,0
2546,197,216,146,14,19,-1,-1,-1,0
