2,4,357,79,14,13,-1,-1,-1,0
3,4,333,92,15,13,-1,-1,-1,0
4,4,325,95,12,14,-1,-1,-1,0
4,7,331,85,11,12,-1,-1,-1,0
5,4,322,96,10,14,-1,-1,-1,0
5,7,328,84,11,13,-1,-1,-1,0
5,8,347,74,13,17,-1,-1,-1,0
6,4,319,96,9,13,-1,-1,-1,0
6,7,323,84,11,13,-1,-1,-1,0
6,8,343,76,12,15,-1,-1,-1,0
7,4,314,97,10,10,-1,-1,-1,0
7,7,320,86,9,11,-1,-1,-1,0
7,8,340,78,10,13,-1,-1,-1,0
8,4,313,97,9,10,-1,-1,-1,0
8,7,319,86,9,10,-1,-1,-1,0
8,8,339,79,9,11,-1,-1,-1,0
9,4,313,97,9,10,-1,-1,-1,0
9,7,319,86,9,10,-1,-1,-1,0
9,8,339,79,8,11,-1,-1,-1,0
10,4,315,96,8,10,-1,-1,-1,0
10,7,319,85,9,10,-1,-1,-1,0
10,8,339,77,8,11,-1,-1,-1,0
11,4,311,97,8,10,-1,-1,-1,0
11,7,318,80,9,12,-1,-1,-1,0
11,8,337,78,8,10,-1,-1,-1,0
12,7,316,76,12,15,-1,-1,-1,0
13,7,318,76,13,15,-1,-1,-1,0
13,9,316,89,11,17,-1,-1,-1,0
13,10,340,70,12,16,-1,-1,-1,0
14,7,320,77,14,14,-1,-1,-1,0
14,9,319,90,12,15,-1,-1,-1,0
14,10,343,70,12,16,-1,-1,-1,0
15,7,324,79,13,13,-1,-1,-1,0
15,9,323,91,12,13,-1,-1,-1,0
15,10,346,72,12,13,-1,-1,-1,0
16,7,326,80,12,12,-1,-1,-1,0
16,9,324,92,12,11,-1,-1,-1,0
16,10,347,73,12,12,-1,-1,-1,0
17,7,329,79,13,12,-1,-1,-1,0
17,9,328,90,12,12,-1,-1,-1,0
17,10,350,71,12,13,-1,-1,-1,0
18,7,334,77,12,12,-1,-1,-1,0
18,9,333,88,11,13,-1,-1,-1,0
18,10,355,69,11,13,-1,-1,-1,0
19,7,339,76,12,12,-1,-1,-1,0
19,9,338,87,11,13,-1,-1,-1,0
19,10,359,68,12,13,-1,-1,-1,0
20,7,345,74,12,12,-1,-1,-1,0
20,9,357,72,12,13,-1,-1,-1,0
20,10,350,79,12,13,-1,-1,-1,0
21,7,349,80,11,13,-1,-1,-1,0
21,9,355,72,12,12,-1,-1,-1,0
21,10,364,70,12,13,-1,-1,-1,0
22,7,350,82,12,13,-1,-1,-1,0
22,9,354,72,12,12,-1,-1,-1,0
22,10,369,66,12,13,-1,-1,-1,0
23,7,353,75,13,12,-1,-1,-1,0
23,9,353,78,11,13,-1,-1,-1,0
23,10,373,64,12,13,-1,-1,-1,0
24,7,358,72,12,12,-1,-1,-1,0
24,9,356,81,12,13,-1,-1,-1,0
24,10,378,64,12,12,-1,-1,-1,0
25,7,359,67,12,14,-1,-1,-1,0
25,9,355,79,15,14,-1,-1,-1,0
25,10,379,61,10,14,-1,-1,-1,0
26,7,358,74,13,14,-1,-1,-1,0
26,9,360,69,11,14,-1,-1,-1,0
26,10,380,59,10,15,-1,-1,-1,0
27,7,360,75,11,15,-1,-1,-1,0
27,9,363,66,11,13,-1,-1,-1,0
27,10,381,58,10,15,-1,-1,-1,0
28,7,363,69,12,13,-1,-1,-1,0
28,9,365,71,8,16,-1,-1,-1,0
28,10,383,57,10,15,-1,-1,-1,0
29,7,366,66,11,13,-1,-1,-1,0
29,9,366,73,9,15,-1,-1,-1,0
29,10,383,56,12,15,-1,-1,-1,0
30,7,369,65,11,13,-1,-1,-1,0
30,9,367,74,10,14,-1,-1,-1,0
30,10,385,56,11,14,-1,-1,-1,0
31,7,371,65,12,12,-1,-1,-1,0
31,9,369,74,11,14,-1,-1,-1,0
31,10,387,57,11,13,-1,-1,-1,0
32,7,373,66,12,12,-1,-1,-1,0
32,9,370,74,12,13,-1,-1,-1,0
32,10,388,57,13,13,-1,-1,-1,0
33,7,374,65,10,12,-1,-1,-1,0
33,9,370,74,12,15,-1,-1,-1,0
33,10,387,54,14,14,-1,-1,-1,0
34,7,379,63,11,13,-1,-1,-1,0
34,9,375,73,13,14,-1,-1,-1,0
34,10,393,51,13,15,-1,-1,-1,0
35,7,386,62,12,12,-1,-1,-1,0
35,9,384,71,12,14,-1,-1,-1,0
35,10,400,50,14,14,-1,-1,-1,0
36,7,404,52,13,13,-1,-1,-1,0
36,9,392,69,12,14,-1,-1,-1,0
36,10,400,56,13,13,-1,-1,-1,0
37,7,408,56,12,13,-1,-1,-1,0
37,9,402,67,12,14,-1,-1,-1,0
37,10,415,50,13,14,-1,-1,-1,0
38,7,416,57,12,12,-1,-1,-1,0
38,9,411,66,13,14,-1,-1,-1,0
38,10,428,47,11,13,-1,-1,-1,0
39,7,419,56,12,12,-1,-1,-1,0
39,9,416,66,12,13,-1,-1,-1,0
39,10,433,46,11,13,-1,-1,-1,0
40,7,436,54,11,12,-1,-1,-1,0
40,9,434,64,11,13,-1,-1,-1,0
40,10,452,43,12,13,-1,-1,-1,0
41,7,442,53,11,12,-1,-1,-1,0
41,9,441,63,11,13,-1,-1,-1,0
41,10,460,41,12,13,-1,-1,-1,0
42,7,444,51,13,13,-1,-1,-1,0
42,9,445,62,8,14,-1,-1,-1,0
42,10,460,40,12,14,-1,-1,-1,0
43,7,458,42,11,14,-1,-1,-1,0
43,9,448,61,10,14,-1,-1,-1,0
43,10,455,45,11,14,-1,-1,-1,0
44,7,467,37,11,16,-1,-1,-1,0
44,9,452,60,10,15,-1,-1,-1,0
44,10,458,46,9,14,-1,-1,-1,0
45,7,474,34,10,17,-1,-1,-1,0
45,9,458,59,10,15,-1,-1,-1,0
45,10,463,45,8,15,-1,-1,-1,0
46,7,479,33,10,17,-1,-1,-1,0
46,9,461,57,11,14,-1,-1,-1,0
46,10,465,45,10,14,-1,-1,-1,0
47,7,482,33,11,16,-1,-1,-1,0
47,9,464,55,12,14,-1,-1,-1,0
47,10,468,45,12,14,-1,-1,-1,0
48,7,484,34,13,14,-1,-1,-1,0
48,9,467,54,12,14,-1,-1,-1,0
48,10,472,45,12,13,-1,-1,-1,0
49,7,487,35,12,13,-1,-1,-1,0
49,9,472,54,12,13,-1,-1,-1,0
49,10,475,45,12,12,-1,-1,-1,0
50,7,488,35,12,13,-1,-1,-1,0
50,9,474,54,12,13,-1,-1,-1,0
50,10,476,45,12,12,-1,-1,-1,0
51,7,488,35,12,13,-1,-1,-1,0
51,9,475,54,12,13,-1,-1,-1,0
51,10,476,45,12,12,-1,-1,-1,0
52,7,488,35,12,13,-1,-1,-1,0
52,9,475,54,12,13,-1,-1,-1,0
52,10,476,45,12,12,-1,-1,-1,0
53,7,488,35,12,13,-1,-1,-1,0
53,9,475,54,12,13,-1,-1,-1,0
53,10,476,45,12,12,-1,-1,-1,0
54,7,482,38,12,13,-1,-1,-1,0
54,9,474,53,13,12,-1,-1,-1,0
54,10,483,37,12,12,-1,-1,-1,0
55,7,478,41,12,13,-1,-1,-1,0
55,9,473,54,13,12,-1,-1,-1,0
55,10,485,36,12,12,-1,-1,-1,0
56,7,476,44,12,13,-1,-1,-1,0
56,9,472,57,12,12,-1,-1,-1,0
56,10,485,37,12,13,-1,-1,-1,0
57,7,475,47,12,13,-1,-1,-1,0
57,9,471,60,12,12,-1,-1,-1,0
57,10,484,40,12,13,-1,-1,-1,0
58,7,474,51,12,12,-1,-1,-1,0
58,9,471,63,12,13,-1,-1,-1,0
58,10,483,43,12,13,-1,-1,-1,0
59,7,474,51,9,13,-1,-1,-1,0
59,9,469,63,12,13,-1,-1,-1,0
59,10,484,44,10,13,-1,-1,-1,0
60,7,478,49,11,13,-1,-1,-1,0
60,9,468,65,12,14,-1,-1,-1,0
60,10,476,52,10,13,-1,-1,-1,0
61,7,474,57,11,13,-1,-1,-1,0
61,9,467,70,12,14,-1,-1,-1,0
61,10,477,53,12,13,-1,-1,-1,0
62,7,475,58,13,13,-1,-1,-1,0
62,9,467,75,12,13,-1,-1,-1,0
62,10,471,63,13,12,-1,-1,-1,0
63,7,476,58,12,13,-1,-1,-1,0
63,9,467,77,12,13,-1,-1,-1,0
63,10,470,66,12,12,-1,-1,-1,0
64,7,470,65,11,13,-1,-1,-1,0
64,9,465,80,12,13,-1,-1,-1,0
64,10,474,61,10,14,-1,-1,-1,0
65,7,467,68,10,15,-1,-1,-1,0
65,9,462,83,13,13,-1,-1,-1,0
65,10,475,61,9,13,-1,-1,-1,0
66,7,469,65,11,14,-1,-1,-1,0
66,9,460,84,12,13,-1,-1,-1,0
66,10,465,68,12,14,-1,-1,-1,0
67,7,462,72,12,13,-1,-1,-1,0
67,9,458,86,12,13,-1,-1,-1,0
67,10,467,67,11,13,-1,-1,-1,0
68,7,457,82,12,13,-1,-1,-1,0
68,9,462,74,12,13,-1,-1,-1,0
68,10,460,74,12,12,-1,-1,-1,0
69,7,459,74,12,13,-1,-1,-1,0
69,9,455,83,12,13,-1,-1,-1,0
69,10,455,76,12,12,-1,-1,-1,0
70,7,459,69,12,13,-1,-1,-1,0
70,9,450,87,13,12,-1,-1,-1,0
70,10,452,77,12,12,-1,-1,-1,0
71,7,450,83,13,12,-1,-1,-1,0
71,9,455,74,12,13,-1,-1,-1,0
71,10,449,78,12,12,-1,-1,-1,0
72,7,449,87,10,12,-1,-1,-1,0
72,9,454,67,13,14,-1,-1,-1,0
72,10,448,80,12,11,-1,-1,-1,0
73,7,446,89,10,12,-1,-1,-1,0
73,9,452,64,13,15,-1,-1,-1,0
73,10,446,79,12,12,-1,-1,-1,0
74,7,443,90,11,12,-1,-1,-1,0
74,9,450,64,12,15,-1,-1,-1,0
74,10,443,79,13,11,-1,-1,-1,0
75,7,441,89,10,13,-1,-1,-1,0
75,9,449,63,11,15,-1,-1,-1,0
75,10,441,78,13,12,-1,-1,-1,0
76,7,438,89,11,13,-1,-1,-1,0
76,9,446,62,11,16,-1,-1,-1,0
76,10,438,78,13,12,-1,-1,-1,0
77,7,435,90,11,12,-1,-1,-1,0
77,9,438,71,12,14,-1,-1,-1,0
77,10,440,68,10,13,-1,-1,-1,0
78,7,433,89,11,13,-1,-1,-1,0
78,9,437,66,11,14,-1,-1,-1,0
78,10,434,73,11,13,-1,-1,-1,0
79,7,430,89,12,12,-1,-1,-1,0
79,9,435,65,12,13,-1,-1,-1,0
79,10,431,75,11,13,-1,-1,-1,0
80,7,427,89,12,12,-1,-1,-1,0
80,9,434,65,11,13,-1,-1,-1,0
80,10,428,76,13,13,-1,-1,-1,0
81,7,425,89,12,12,-1,-1,-1,0
81,9,431,66,12,13,-1,-1,-1,0
81,10,427,77,12,12,-1,-1,-1,0
82,7,426,87,9,15,-1,-1,-1,0
82,9,433,65,9,14,-1,-1,-1,0
82,10,429,78,8,12,-1,-1,-1,0
83,7,423,86,10,15,-1,-1,-1,0
83,9,430,65,10,14,-1,-1,-1,0
83,10,427,77,9,13,-1,-1,-1,0
84,7,420,86,11,14,-1,-1,-1,0
84,9,426,64,11,15,-1,-1,-1,0
84,10,424,77,10,12,-1,-1,-1,0
85,7,417,86,13,14,-1,-1,-1,0
85,9,421,72,12,13,-1,-1,-1,0
85,10,422,70,12,13,-1,-1,-1,0
86,7,418,87,10,14,-1,-1,-1,0
86,9,418,76,12,11,-1,-1,-1,0
86,10,421,64,11,14,-1,-1,-1,0
87,7,415,81,12,12,-1,-1,-1,0
87,9,415,82,10,14,-1,-1,-1,0
87,10,418,62,12,14,-1,-1,-1,0
88,7,411,85,12,12,-1,-1,-1,0
88,9,412,79,12,13,-1,-1,-1,0
88,10,415,63,12,14,-1,-1,-1,0
89,7,409,85,12,13,-1,-1,-1,0
89,9,410,77,12,12,-1,-1,-1,0
89,10,413,62,12,14,-1,-1,-1,0
90,7,405,86,12,12,-1,-1,-1,0
90,9,406,76,12,12,-1,-1,-1,0
90,10,409,62,12,13,-1,-1,-1,0
91,7,402,84,13,13,-1,-1,-1,0
91,9,404,75,10,12,-1,-1,-1,0
91,10,405,59,12,14,-1,-1,-1,0
92,7,403,85,12,13,-1,-1,-1,0
92,9,403,76,12,11,-1,-1,-1,0
92,10,406,61,12,13,-1,-1,-1,0
93,7,401,83,12,13,-1,-1,-1,0
93,9,403,74,12,11,-1,-1,-1,0
93,10,405,59,11,14,-1,-1,-1,0
94,7,399,82,13,13,-1,-1,-1,0
94,9,403,72,11,11,-1,-1,-1,0
94,10,404,57,11,15,-1,-1,-1,0
95,7,402,74,11,13,-1,-1,-1,0
95,9,400,78,12,13,-1,-1,-1,0
95,10,403,56,12,15,-1,-1,-1,0
96,7,401,71,13,12,-1,-1,-1,0
96,9,400,81,12,12,-1,-1,-1,0
96,10,403,55,11,15,-1,-1,-1,0
97,7,402,70,12,12,-1,-1,-1,0
97,9,400,81,12,13,-1,-1,-1,0
97,10,402,55,12,15,-1,-1,-1,0
98,7,399,77,13,12,-1,-1,-1,0
98,9,401,75,11,12,-1,-1,-1,0
98,10,401,56,12,13,-1,-1,-1,0
99,7,399,79,12,13,-1,-1,-1,0
99,9,401,72,12,12,-1,-1,-1,0
99,10,401,55,12,14,-1,-1,-1,0
100,7,399,80,12,13,-1,-1,-1,0
100,9,401,71,12,12,-1,-1,-1,0
100,10,400,55,12,13,-1,-1,-1,0
101,7,399,80,12,13,-1,-1,-1,0
101,9,401,71,12,12,-1,-1,-1,0
101,10,400,55,12,13,-1,-1,-1,0
102,7,400,81,12,13,-1,-1,-1,0
102,9,401,70,12,12,-1,-1,-1,0
102,10,401,56,12,13,-1,-1,-1,0
103,7,397,81,13,13,-1,-1,-1,0
103,9,400,70,12,12,-1,-1,-1,0
103,10,399,55,12,13,-1,-1,-1,0
104,7,403,73,13,12,-1,-1,-1,0
104,9,404,76,11,12,-1,-1,-1,0
104,10,403,54,12,14,-1,-1,-1,0
105,7,410,69,12,12,-1,-1,-1,0
105,9,410,76,12,13,-1,-1,-1,0
105,10,410,54,12,13,-1,-1,-1,0
106,7,414,74,9,13,-1,-1,-1,0
106,9,412,69,12,13,-1,-1,-1,0
106,10,411,53,13,13,-1,-1,-1,0
107,7,421,67,12,12,-1,-1,-1,0
107,9,422,73,10,13,-1,-1,-1,0
107,10,420,50,12,14,-1,-1,-1,0
108,7,434,72,8,11,-1,-1,-1,0
108,9,434,67,9,11,-1,-1,-1,0
108,10,433,47,9,15,-1,-1,-1,0
109,7,440,73,9,11,-1,-1,-1,0
109,9,441,64,9,11,-1,-1,-1,0
109,10,439,46,11,15,-1,-1,-1,0
110,7,445,65,11,11,-1,-1,-1,0
110,9,445,69,11,11,-1,-1,-1,0
110,10,443,46,13,15,-1,-1,-1,0
111,7,449,68,12,13,-1,-1,-1,0
111,9,449,63,12,12,-1,-1,-1,0
111,10,448,47,13,14,-1,-1,-1,0
112,7,451,70,11,12,-1,-1,-1,0
112,9,451,61,12,12,-1,-1,-1,0
112,10,450,48,12,13,-1,-1,-1,0
113,7,453,69,10,14,-1,-1,-1,0
113,9,453,59,12,12,-1,-1,-1,0
113,10,452,44,10,15,-1,-1,-1,0
114,7,455,70,12,13,-1,-1,-1,0
114,9,456,58,12,12,-1,-1,-1,0
114,10,454,43,12,15,-1,-1,-1,0
115,7,459,70,12,13,-1,-1,-1,0
115,9,460,58,12,12,-1,-1,-1,0
115,10,459,45,13,14,-1,-1,-1,0
116,7,460,70,12,13,-1,-1,-1,0
116,9,461,58,12,12,-1,-1,-1,0
116,10,461,46,12,13,-1,-1,-1,0
117,7,461,69,12,13,-1,-1,-1,0
117,9,460,49,12,12,-1,-1,-1,0
117,10,461,53,13,13,-1,-1,-1,0
118,7,462,69,11,11,-1,-1,-1,0
118,9,458,42,13,13,-1,-1,-1,0
118,10,463,54,11,13,-1,-1,-1,0
119,7,461,68,10,12,-1,-1,-1,0
119,9,456,40,13,14,-1,-1,-1,0
119,10,462,55,11,12,-1,-1,-1,0
120,7,458,68,11,11,-1,-1,-1,0
120,9,455,40,12,14,-1,-1,-1,0
120,10,458,56,12,12,-1,-1,-1,0
121,7,455,61,12,12,-1,-1,-1,0
121,9,452,43,13,13,-1,-1,-1,0
121,10,454,64,12,12,-1,-1,-1,0
122,7,455,58,11,11,-1,-1,-1,0
122,9,451,44,12,13,-1,-1,-1,0
122,10,454,67,11,12,-1,-1,-1,0
123,7,454,64,11,12,-1,-1,-1,0
123,9,450,41,12,14,-1,-1,-1,0
123,10,452,60,13,12,-1,-1,-1,0
124,7,451,65,11,13,-1,-1,-1,0
124,9,447,40,12,14,-1,-1,-1,0
124,10,450,57,13,12,-1,-1,-1,0
125,7,448,59,12,12,-1,-1,-1,0
125,9,445,42,11,14,-1,-1,-1,0
125,10,447,64,12,12,-1,-1,-1,0
126,7,439,65,10,12,-1,-1,-1,0
126,9,437,43,11,14,-1,-1,-1,0
126,10,440,60,11,12,-1,-1,-1,0
127,7,435,66,11,13,-1,-1,-1,0
127,9,433,44,12,13,-1,-1,-1,0
127,10,437,59,11,12,-1,-1,-1,0
128,7,435,61,11,12,-1,-1,-1,0
128,9,432,44,11,13,-1,-1,-1,0
128,10,434,65,11,12,-1,-1,-1,0
129,7,434,58,11,11,-1,-1,-1,0
129,9,431,43,12,13,-1,-1,-1,0
129,10,435,66,10,13,-1,-1,-1,0
130,7,433,62,10,13,-1,-1,-1,0
130,9,427,41,12,14,-1,-1,-1,0
130,10,431,58,12,13,-1,-1,-1,0
131,7,430,64,9,13,-1,-1,-1,0
131,9,423,41,11,13,-1,-1,-1,0
131,10,429,54,10,13,-1,-1,-1,0
132,7,425,65,11,13,-1,-1,-1,0
132,9,419,40,11,14,-1,-1,-1,0
132,10,425,53,11,13,-1,-1,-1,0
133,7,421,65,11,14,-1,-1,-1,0
133,9,414,40,12,14,-1,-1,-1,0
133,10,420,53,13,13,-1,-1,-1,0
134,7,416,66,12,13,-1,-1,-1,0
134,9,411,42,12,13,-1,-1,-1,0
134,10,417,54,12,12,-1,-1,-1,0
135,7,415,66,12,13,-1,-1,-1,0
135,9,410,42,12,13,-1,-1,-1,0
135,10,417,54,12,12,-1,-1,-1,0
136,7,415,66,12,11,-1,-1,-1,0
136,9,409,42,13,12,-1,-1,-1,0
136,10,417,54,11,12,-1,-1,-1,0
137,7,412,66,11,11,-1,-1,-1,0
137,9,411,49,12,13,-1,-1,-1,0
137,10,409,46,11,11,-1,-1,-1,0
138,7,408,66,11,11,-1,-1,-1,0
138,9,404,45,12,12,-1,-1,-1,0
138,10,408,51,12,12,-1,-1,-1,0
139,7,404,65,11,12,-1,-1,-1,0
139,9,399,43,12,12,-1,-1,-1,0
139,10,405,52,12,12,-1,-1,-1,0
140,7,399,65,12,12,-1,-1,-1,0
140,9,394,42,12,12,-1,-1,-1,0
140,10,401,53,12,12,-1,-1,-1,0
141,7,395,65,12,12,-1,-1,-1,0
141,9,390,42,12,12,-1,-1,-1,0
141,10,397,53,12,12,-1,-1,-1,0
142,7,394,65,12,12,-1,-1,-1,0
142,9,389,41,12,13,-1,-1,-1,0
142,10,396,53,12,12,-1,-1,-1,0
143,7,396,63,9,14,-1,-1,-1,0
143,9,389,41,10,12,-1,-1,-1,0
143,10,397,52,10,13,-1,-1,-1,0
144,7,393,63,9,14,-1,-1,-1,0
144,9,386,41,10,12,-1,-1,-1,0
144,10,394,52,10,13,-1,-1,-1,0
145,7,388,63,10,14,-1,-1,-1,0
145,9,382,40,10,12,-1,-1,-1,0
145,10,389,52,11,13,-1,-1,-1,0
146,7,383,63,11,14,-1,-1,-1,0
146,9,378,40,9,13,-1,-1,-1,0
146,10,384,51,11,13,-1,-1,-1,0
147,7,377,63,12,14,-1,-1,-1,0
147,9,373,40,10,13,-1,-1,-1,0
147,10,379,51,12,13,-1,-1,-1,0
148,7,373,63,12,13,-1,-1,-1,0
148,9,368,41,12,13,-1,-1,-1,0
148,10,375,52,12,12,-1,-1,-1,0
149,7,375,63,8,12,-1,-1,-1,0
149,9,366,39,11,14,-1,-1,-1,0
149,10,377,51,8,12,-1,-1,-1,0
150,7,371,63,10,12,-1,-1,-1,0
150,9,363,39,11,14,-1,-1,-1,0
150,10,373,51,10,12,-1,-1,-1,0
151,7,366,63,12,13,-1,-1,-1,0
151,9,358,41,12,14,-1,-1,-1,0
151,10,368,52,12,12,-1,-1,-1,0
152,7,365,63,12,13,-1,-1,-1,0
152,9,356,42,13,13,-1,-1,-1,0
152,10,367,52,12,12,-1,-1,-1,0
153,7,365,63,10,14,-1,-1,-1,0
153,9,364,46,10,15,-1,-1,-1,0
153,10,364,52,12,12,-1,-1,-1,0
154,7,365,63,10,14,-1,-1,-1,0
154,9,361,39,9,16,-1,-1,-1,0
154,10,367,49,11,15,-1,-1,-1,0
155,7,364,62,13,14,-1,-1,-1,0
155,9,357,38,13,15,-1,-1,-1,0
155,10,366,50,13,13,-1,-1,-1,0
156,7,365,60,10,15,-1,-1,-1,0
156,9,357,36,11,15,-1,-1,-1,0
156,10,367,47,10,14,-1,-1,-1,0
157,7,364,58,11,17,-1,-1,-1,0
157,9,357,32,10,16,-1,-1,-1,0
157,10,367,43,8,15,-1,-1,-1,0
158,7,362,57,13,17,-1,-1,-1,0
158,9,356,32,11,16,-1,-1,-1,0
158,10,365,43,11,15,-1,-1,-1,0
159,7,361,59,14,15,-1,-1,-1,0
159,9,354,35,13,14,-1,-1,-1,0
159,10,363,46,14,14,-1,-1,-1,0
160,7,359,60,12,13,-1,-1,-1,0
160,9,352,37,12,13,-1,-1,-1,0
160,10,362,48,12,13,-1,-1,-1,0
161,7,358,60,12,13,-1,-1,-1,0
161,9,351,37,12,13,-1,-1,-1,0
161,10,361,49,12,12,-1,-1,-1,0
162,7,359,58,11,16,-1,-1,-1,0
162,9,353,35,9,15,-1,-1,-1,0
162,10,361,49,11,12,-1,-1,-1,0
163,7,356,58,12,16,-1,-1,-1,0
163,9,349,36,11,14,-1,-1,-1,0
163,10,357,49,12,12,-1,-1,-1,0
164,7,352,60,13,14,-1,-1,-1,0
164,9,345,37,12,13,-1,-1,-1,0
164,10,354,49,12,11,-1,-1,-1,0
165,7,355,58,8,14,-1,-1,-1,0
165,9,346,34,9,14,-1,-1,-1,0
165,10,354,48,11,12,-1,-1,-1,0
166,7,352,58,9,14,-1,-1,-1,0
166,9,343,34,10,14,-1,-1,-1,0
166,10,352,48,11,12,-1,-1,-1,0
167,7,347,59,12,13,-1,-1,-1,0
167,9,340,35,11,13,-1,-1,-1,0
167,10,348,47,12,13,-1,-1,-1,0
168,7,343,60,12,13,-1,-1,-1,0
168,9,337,36,12,14,-1,-1,-1,0
168,10,346,48,12,12,-1,-1,-1,0
169,7,342,60,12,13,-1,-1,-1,0
169,9,335,36,12,13,-1,-1,-1,0
169,10,343,48,12,12,-1,-1,-1,0
170,7,340,60,12,13,-1,-1,-1,0
170,9,332,36,12,13,-1,-1,-1,0
170,10,341,49,12,12,-1,-1,-1,0
171,7,342,59,10,14,-1,-1,-1,0
171,9,333,32,9,15,-1,-1,-1,0
171,10,343,47,9,13,-1,-1,-1,0
172,7,340,59,12,14,-1,-1,-1,0
172,9,331,34,12,14,-1,-1,-1,0
172,10,341,49,12,12,-1,-1,-1,0
173,7,340,59,12,14,-1,-1,-1,0
173,9,331,35,12,13,-1,-1,-1,0
173,10,341,49,12,12,-1,-1,-1,0
174,7,341,59,12,13,-1,-1,-1,0
174,9,332,35,12,13,-1,-1,-1,0
174,10,342,49,12,12,-1,-1,-1,0
175,7,343,59,12,13,-1,-1,-1,0
175,9,334,35,12,13,-1,-1,-1,0
175,10,345,48,12,12,-1,-1,-1,0
176,7,346,57,9,15,-1,-1,-1,0
176,9,333,29,13,17,-1,-1,-1,0
176,10,345,45,12,14,-1,-1,-1,0
177,7,348,57,12,14,-1,-1,-1,0
177,9,336,28,13,17,-1,-1,-1,0
177,10,349,44,12,14,-1,-1,-1,0
178,7,351,56,13,14,-1,-1,-1,0
178,9,336,27,13,18,-1,-1,-1,0
178,10,354,45,13,13,-1,-1,-1,0
179,7,357,56,8,14,-1,-1,-1,0
179,9,343,27,13,16,-1,-1,-1,0
179,10,354,43,13,14,-1,-1,-1,0
180,7,362,54,8,14,-1,-1,-1,0
180,9,348,26,13,16,-1,-1,-1,0
180,10,358,42,14,14,-1,-1,-1,0
181,7,368,52,9,15,-1,-1,-1,0
181,9,354,26,13,15,-1,-1,-1,0
181,10,364,41,14,14,-1,-1,-1,0
182,7,367,52,12,14,-1,-1,-1,0
182,9,355,27,13,13,-1,-1,-1,0
182,10,367,41,12,13,-1,-1,-1,0
183,7,367,53,12,13,-1,-1,-1,0
183,9,357,27,12,13,-1,-1,-1,0
183,10,370,42,12,12,-1,-1,-1,0
184,7,375,52,12,14,-1,-1,-1,0
184,9,366,27,12,13,-1,-1,-1,0
184,10,377,41,12,12,-1,-1,-1,0
185,7,380,52,10,13,-1,-1,-1,0
185,9,371,24,9,14,-1,-1,-1,0
185,10,381,36,11,16,-1,-1,-1,0
186,7,386,50,11,13,-1,-1,-1,0
186,9,377,22,12,15,-1,-1,-1,0
186,10,388,35,12,15,-1,-1,-1,0
187,7,394,47,12,14,-1,-1,-1,0
187,9,386,22,12,14,-1,-1,-1,0
187,10,390,34,13,15,-1,-1,-1,0
188,7,398,47,12,13,-1,-1,-1,0
188,9,388,21,12,13,-1,-1,-1,0
188,10,397,36,14,12,-1,-1,-1,0
189,7,399,46,11,13,-1,-1,-1,0
189,9,391,19,9,14,-1,-1,-1,0
189,10,400,34,11,13,-1,-1,-1,0
190,7,402,45,11,13,-1,-1,-1,0
190,9,393,19,11,14,-1,-1,-1,0
190,10,403,33,12,13,-1,-1,-1,0
191,7,407,45,11,12,-1,-1,-1,0
191,9,397,19,13,13,-1,-1,-1,0
191,10,408,35,13,11,-1,-1,-1,0
192,7,411,43,9,15,-1,-1,-1,0
192,9,400,14,10,17,-1,-1,-1,0
192,10,408,33,14,13,-1,-1,-1,0
193,7,414,42,10,15,-1,-1,-1,0
193,9,402,13,12,17,-1,-1,-1,0
193,10,412,32,13,13,-1,-1,-1,0
194,7,417,41,12,14,-1,-1,-1,0
194,9,405,14,13,15,-1,-1,-1,0
194,10,418,32,13,12,-1,-1,-1,0
195,7,422,39,8,13,-1,-1,-1,0
195,9,409,14,11,14,-1,-1,-1,0
195,10,421,31,10,11,-1,-1,-1,0
196,7,420,40,11,13,-1,-1,-1,0
196,9,407,15,13,13,-1,-1,-1,0
196,10,421,32,12,11,-1,-1,-1,0
197,7,420,40,12,13,-1,-1,-1,0
197,9,408,14,12,14,-1,-1,-1,0
197,10,422,31,12,11,-1,-1,-1,0
198,7,421,40,12,12,-1,-1,-1,0
198,9,408,14,12,13,-1,-1,-1,0
198,10,423,31,12,11,-1,-1,-1,0
199,7,421,39,12,13,-1,-1,-1,0
199,9,409,14,12,13,-1,-1,-1,0
199,10,424,30,12,11,-1,-1,-1,0
200,7,423,38,12,13,-1,-1,-1,0
200,9,411,13,12,13,-1,-1,-1,0
200,10,426,29,12,11,-1,-1,-1,0
201,7,423,38,12,13,-1,-1,-1,0
201,9,411,13,12,13,-1,-1,-1,0
201,10,426,28,12,11,-1,-1,-1,0
202,7,423,38,12,13,-1,-1,-1,0
202,9,411,13,12,13,-1,-1,-1,0
202,10,427,28,12,11,-1,-1,-1,0
203,7,423,37,12,13,-1,-1,-1,0
203,9,411,13,12,13,-1,-1,-1,0
203,10,427,27,12,11,-1,-1,-1,0
204,7,424,37,12,13,-1,-1,-1,0
204,9,412,13,12,13,-1,-1,-1,0
204,10,427,27,12,11,-1,-1,-1,0
205,7,425,36,12,13,-1,-1,-1,0
205,9,413,12,12,13,-1,-1,-1,0
205,10,428,26,12,11,-1,-1,-1,0
208,7,428,36,12,13,-1,-1,-1,0
208,9,416,11,12,13,-1,-1,-1,0
208,10,432,26,11,11,-1,-1,-1,0
209,7,430,35,10,14,-1,-1,-1,0
209,9,417,9,11,14,-1,-1,-1,0
209,10,433,26,11,11,-1,-1,-1,0
210,7,430,34,11,15,-1,-1,-1,0
210,9,418,9,11,14,-1,-1,-1,0
210,10,434,26,11,11,-1,-1,-1,0
211,7,430,34,12,14,-1,-1,-1,0
211,9,418,9,13,14,-1,-1,-1,0
211,10,435,25,11,11,-1,-1,-1,0
212,7,431,35,13,13,-1,-1,-1,0
212,9,418,9,12,13,-1,-1,-1,0
212,10,436,25,11,11,-1,-1,-1,0
213,7,431,34,12,14,-1,-1,-1,0
213,9,418,8,12,13,-1,-1,-1,0
213,10,436,25,11,11,-1,-1,-1,0
214,7,430,34,13,13,-1,-1,-1,0
214,9,416,8,13,13,-1,-1,-1,0
214,10,436,25,11,12,-1,-1,-1,0
215,7,430,33,11,13,-1,-1,-1,0
215,9,416,8,12,14,-1,-1,-1,0
215,10,437,24,9,13,-1,-1,-1,0
216,7,429,33,11,13,-1,-1,-1,0
216,9,414,8,13,14,-1,-1,-1,0
216,10,437,24,9,14,-1,-1,-1,0
217,7,430,32,10,13,-1,-1,-1,0
217,9,414,9,13,14,-1,-1,-1,0
217,10,438,23,9,15,-1,-1,-1,0
218,7,431,32,8,14,-1,-1,-1,0
218,9,417,8,10,15,-1,-1,-1,0
218,10,437,25,11,13,-1,-1,-1,0
219,7,428,31,11,15,-1,-1,-1,0
219,9,416,6,11,16,-1,-1,-1,0
219,10,436,24,11,14,-1,-1,-1,0
220,7,426,33,11,14,-1,-1,-1,0
220,9,413,5,11,17,-1,-1,-1,0
220,10,433,24,12,14,-1,-1,-1,0
221,7,423,35,12,13,-1,-1,-1,0
221,9,411,5,10,17,-1,-1,-1,0
221,10,429,25,13,13,-1,-1,-1,0
222,7,422,35,12,13,-1,-1,-1,0
222,9,408,4,12,17,-1,-1,-1,0
222,10,427,23,14,15,-1,-1,-1,0
223,7,420,36,12,12,-1,-1,-1,0
223,9,406,4,12,18,-1,-1,-1,0
223,10,425,23,14,15,-1,-1,-1,0
224,7,417,36,12,12,-1,-1,-1,0
224,9,403,6,12,17,-1,-1,-1,0
224,10,423,25,13,15,-1,-1,-1,0
225,7,414,35,11,14,-1,-1,-1,0
225,9,402,8,10,17,-1,-1,-1,0
225,10,422,26,12,16,-1,-1,-1,0
226,7,410,36,13,13,-1,-1,-1,0
226,9,399,9,11,16,-1,-1,-1,0
226,10,419,28,13,14,-1,-1,-1,0
227,7,408,37,12,13,-1,-1,-1,0
227,9,395,11,12,14,-1,-1,-1,0
227,10,417,29,11,13,-1,-1,-1,0
228,7,406,38,12,13,-1,-1,-1,0
228,9,392,13,12,12,-1,-1,-1,0
228,10,416,31,10,12,-1,-1,-1,0
229,7,402,38,12,13,-1,-1,-1,0
229,9,388,13,12,12,-1,-1,-1,0
229,10,412,31,11,12,-1,-1,-1,0
230,7,397,38,12,13,-1,-1,-1,0
230,9,384,13,11,13,-1,-1,-1,0
230,10,409,32,12,11,-1,-1,-1,0
231,7,395,38,12,13,-1,-1,-1,0
231,9,382,13,12,13,-1,-1,-1,0
231,10,408,32,12,11,-1,-1,-1,0
232,7,396,37,12,14,-1,-1,-1,0
232,9,383,13,12,13,-1,-1,-1,0
232,10,409,32,10,11,-1,-1,-1,0
233,7,397,37,11,14,-1,-1,-1,0
233,9,383,13,11,14,-1,-1,-1,0
233,10,408,30,9,13,-1,-1,-1,0
234,7,393,38,11,13,-1,-1,-1,0
234,9,380,13,10,15,-1,-1,-1,0
234,10,403,31,11,12,-1,-1,-1,0
235,7,395,35,13,11,-1,-1,-1,0
235,9,375,14,12,13,-1,-1,-1,0
235,10,392,36,12,13,-1,-1,-1,0
236,7,382,40,10,12,-1,-1,-1,0
236,9,366,16,10,13,-1,-1,-1,0
236,10,387,36,12,12,-1,-1,-1,0
237,7,378,40,9,14,-1,-1,-1,0
237,9,364,16,9,14,-1,-1,-1,0
237,10,387,34,10,12,-1,-1,-1,0
238,7,373,40,13,14,-1,-1,-1,0
238,9,360,17,12,13,-1,-1,-1,0
238,10,386,34,12,12,-1,-1,-1,0
239,7,374,40,10,14,-1,-1,-1,0
239,9,362,17,10,13,-1,-1,-1,0
239,10,386,35,11,11,-1,-1,-1,0
240,7,369,40,11,14,-1,-1,-1,0
240,9,358,17,9,13,-1,-1,-1,0
240,10,382,35,10,11,-1,-1,-1,0
241,7,364,40,11,15,-1,-1,-1,0
241,9,353,17,8,14,-1,-1,-1,0
241,10,377,36,10,12,-1,-1,-1,0
242,7,360,41,11,15,-1,-1,-1,0
242,9,349,17,9,15,-1,-1,-1,0
242,10,373,37,10,11,-1,-1,-1,0
243,7,356,41,12,15,-1,-1,-1,0
243,9,346,16,9,17,-1,-1,-1,0
243,10,371,37,9,12,-1,-1,-1,0
244,7,352,42,13,15,-1,-1,-1,0
244,9,343,16,9,17,-1,-1,-1,0
244,10,368,37,11,13,-1,-1,-1,0
245,7,350,42,13,15,-1,-1,-1,0
245,9,340,16,11,18,-1,-1,-1,0
245,10,366,36,11,14,-1,-1,-1,0
246,7,354,39,11,15,-1,-1,-1,0
246,9,331,18,13,17,-1,-1,-1,0
246,10,349,41,12,14,-1,-1,-1,0
247,7,339,43,12,14,-1,-1,-1,0
247,9,323,21,13,14,-1,-1,-1,0
247,10,346,42,13,12,-1,-1,-1,0
248,7,327,42,10,13,-1,-1,-1,0
248,9,319,22,12,15,-1,-1,-1,0
248,10,347,41,11,13,-1,-1,-1,0
249,7,328,47,10,12,-1,-1,-1,0
249,9,316,23,11,15,-1,-1,-1,0
249,10,344,42,11,13,-1,-1,-1,0
250,7,325,48,10,12,-1,-1,-1,0
250,9,312,24,12,14,-1,-1,-1,0
250,10,340,42,12,13,-1,-1,-1,0
251,7,313,45,11,12,-1,-1,-1,0
251,9,310,25,9,13,-1,-1,-1,0
251,10,326,47,11,13,-1,-1,-1,0
252,7,317,49,10,12,-1,-1,-1,0
252,9,308,28,12,11,-1,-1,-1,0
252,10,332,45,10,12,-1,-1,-1,0
253,7,315,51,10,13,-1,-1,-1,0
253,9,305,29,12,11,-1,-1,-1,0
253,10,313,45,10,12,-1,-1,-1,0
254,7,304,48,10,12,-1,-1,-1,0
254,9,300,30,12,12,-1,-1,-1,0
254,10,321,46,10,12,-1,-1,-1,0
255,7,297,48,11,11,-1,-1,-1,0
255,9,294,31,13,13,-1,-1,-1,0
255,10,321,46,10,14,-1,-1,-1,0
260,7,284,56,9,11,-1,-1,-1,0
260,9,272,35,13,13,-1,-1,-1,0
260,10,282,49,13,12,-1,-1,-1,0
261,7,270,54,10,12,-1,-1,-1,0
261,9,266,34,10,15,-1,-1,-1,0
261,10,290,51,9,13,-1,-1,-1,0
262,7,265,51,11,13,-1,-1,-1,0
262,9,264,35,12,14,-1,-1,-1,0
262,10,289,52,12,13,-1,-1,-1,0
263,7,264,52,10,11,-1,-1,-1,0
263,9,266,36,8,13,-1,-1,-1,0
263,10,291,53,11,11,-1,-1,-1,0
263,22,276,56,11,12,-1,-1,-1,0
264,7,267,56,11,12,-1,-1,-1,0
264,9,261,37,9,12,-1,-1,-1,0
264,10,269,52,11,11,-1,-1,-1,0
264,22,286,54,10,11,-1,-1,-1,0
265,7,277,56,9,11,-1,-1,-1,0
265,9,256,38,10,12,-1,-1,-1,0
265,10,256,53,12,11,-1,-1,-1,0
265,22,272,59,11,10,-1,-1,-1,0
266,7,274,56,9,11,-1,-1,-1,0
266,9,252,38,10,12,-1,-1,-1,0
266,10,250,54,12,10,-1,-1,-1,0
267,9,249,39,10,13,-1,-1,-1,0
267,10,246,54,12,11,-1,-1,-1,0
267,22,279,54,10,12,-1,-1,-1,0
268,9,245,41,12,13,-1,-1,-1,0
268,10,244,54,11,13,-1,-1,-1,0
268,22,277,54,12,12,-1,-1,-1,0
269,9,244,39,12,14,-1,-1,-1,0
269,10,265,57,10,12,-1,-1,-1,0
269,22,257,54,10,12,-1,-1,-1,0
270,9,246,40,10,13,-1,-1,-1,0
270,10,253,55,10,12,-1,-1,-1,0
270,22,269,52,10,14,-1,-1,-1,0
271,9,244,41,12,13,-1,-1,-1,0
271,10,247,55,11,13,-1,-1,-1,0
271,22,273,54,13,12,-1,-1,-1,0
272,9,244,42,12,13,-1,-1,-1,0
272,10,245,55,11,13,-1,-1,-1,0
272,22,275,54,13,12,-1,-1,-1,0
273,9,245,41,12,13,-1,-1,-1,0
273,10,245,53,12,13,-1,-1,-1,0
273,22,275,55,12,12,-1,-1,-1,0
274,9,248,49,13,12,-1,-1,-1,0
274,10,251,44,10,13,-1,-1,-1,0
274,22,280,54,10,12,-1,-1,-1,0
275,9,251,44,12,12,-1,-1,-1,0
275,10,250,48,12,14,-1,-1,-1,0
275,22,281,54,10,12,-1,-1,-1,0
276,9,258,40,12,12,-1,-1,-1,0
276,10,256,49,12,13,-1,-1,-1,0
276,22,287,53,11,12,-1,-1,-1,0
277,7,280,56,9,8,-1,-1,-1,0
277,9,266,37,12,13,-1,-1,-1,0
277,10,264,49,12,13,-1,-1,-1,0
277,22,295,53,12,12,-1,-1,-1,0
278,7,280,56,10,8,-1,-1,-1,0
278,9,269,36,11,13,-1,-1,-1,0
278,10,285,50,12,12,-1,-1,-1,0
278,22,279,49,12,13,-1,-1,-1,0
279,7,280,57,10,7,-1,-1,-1,0
279,9,278,41,9,13,-1,-1,-1,0
279,10,289,49,12,11,-1,-1,-1,0
279,22,299,47,11,14,-1,-1,-1,0
280,9,280,36,12,13,-1,-1,-1,0
280,10,285,46,11,12,-1,-1,-1,0
280,22,307,48,12,13,-1,-1,-1,0
281,9,282,34,12,13,-1,-1,-1,0
281,10,283,46,11,12,-1,-1,-1,0
281,22,310,49,12,12,-1,-1,-1,0
282,9,282,34,12,12,-1,-1,-1,0
282,10,282,44,11,14,-1,-1,-1,0
282,22,312,47,9,13,-1,-1,-1,0
282,24,292,46,10,12,-1,-1,-1,0
283,9,284,34,11,11,-1,-1,-1,0
283,10,290,45,10,12,-1,-1,-1,0
283,22,293,44,11,13,-1,-1,-1,0
283,24,308,46,8,13,-1,-1,-1,0
284,9,285,34,11,11,-1,-1,-1,0
284,10,294,46,10,11,-1,-1,-1,0
284,22,289,43,10,13,-1,-1,-1,0
284,24,314,45,9,14,-1,-1,-1,0
285,9,289,41,9,11,-1,-1,-1,0
285,10,298,47,9,10,-1,-1,-1,0
285,22,289,38,11,11,-1,-1,-1,0
285,24,318,47,9,13,-1,-1,-1,0
286,9,310,45,9,12,-1,-1,-1,0
286,10,300,47,9,10,-1,-1,-1,0
287,9,320,47,9,12,-1,-1,-1,0
287,10,303,46,8,10,-1,-1,-1,0
288,9,311,45,10,12,-1,-1,-1,0
288,10,319,47,9,11,-1,-1,-1,0
289,9,319,48,12,12,-1,-1,-1,0
289,10,310,45,11,13,-1,-1,-1,0
290,9,323,49,12,12,-1,-1,-1,0
290,10,306,44,12,14,-1,-1,-1,0
291,9,311,46,12,12,-1,-1,-1,0
291,10,316,48,13,13,-1,-1,-1,0
292,9,321,46,9,13,-1,-1,-1,0
292,10,307,45,12,13,-1,-1,-1,0
293,9,325,48,9,12,-1,-1,-1,0
293,10,304,43,11,15,-1,-1,-1,0
294,9,325,48,9,13,-1,-1,-1,0
294,10,301,43,11,15,-1,-1,-1,0
295,9,325,47,8,15,-1,-1,-1,0
295,10,299,44,12,14,-1,-1,-1,0
295,22,302,56,13,13,-1,-1,-1,0
296,9,308,54,14,14,-1,-1,-1,0
296,10,297,44,11,14,-1,-1,-1,0
296,22,314,52,10,14,-1,-1,-1,0
297,9,302,57,13,14,-1,-1,-1,0
297,10,294,44,12,15,-1,-1,-1,0
297,22,317,49,9,15,-1,-1,-1,0
298,9,311,52,11,13,-1,-1,-1,0
298,10,291,44,13,15,-1,-1,-1,0
298,22,305,57,13,13,-1,-1,-1,0
299,9,317,53,7,13,-1,-1,-1,0
299,10,289,45,13,14,-1,-1,-1,0
299,22,303,60,10,12,-1,-1,-1,0
300,9,305,59,9,13,-1,-1,-1,0
300,10,285,45,13,14,-1,-1,-1,0
300,22,309,55,9,13,-1,-1,-1,0
301,9,305,55,12,12,-1,-1,-1,0
301,10,282,45,12,14,-1,-1,-1,0
301,22,300,62,9,12,-1,-1,-1,0
302,9,307,52,9,14,-1,-1,-1,0
302,10,282,47,9,14,-1,-1,-1,0
302,22,296,63,11,15,-1,-1,-1,0
303,9,306,53,12,12,-1,-1,-1,0
303,10,281,47,13,14,-1,-1,-1,0
303,22,293,64,13,13,-1,-1,-1,0
304,9,306,54,12,12,-1,-1,-1,0
304,10,276,47,13,14,-1,-1,-1,0
305,10,275,49,11,13,-1,-1,-1,0
305,22,290,68,10,13,-1,-1,-1,0
306,10,270,51,10,13,-1,-1,-1,0
306,22,285,69,11,13,-1,-1,-1,0
307,10,264,51,10,15,-1,-1,-1,0
307,22,281,70,10,15,-1,-1,-1,0
308,10,260,52,13,14,-1,-1,-1,0
308,22,277,73,13,13,-1,-1,-1,0
309,10,260,52,12,14,-1,-1,-1,0
309,22,276,73,12,13,-1,-1,-1,0
310,10,255,53,12,14,-1,-1,-1,0
310,22,272,76,12,13,-1,-1,-1,0
311,10,253,54,11,14,-1,-1,-1,0
311,22,271,76,12,13,-1,-1,-1,0
312,10,252,55,12,14,-1,-1,-1,0
312,22,271,79,11,12,-1,-1,-1,0
313,10,251,58,10,13,-1,-1,-1,0
313,22,269,80,11,13,-1,-1,-1,0
314,10,248,60,10,13,-1,-1,-1,0
314,22,266,82,11,12,-1,-1,-1,0
315,10,244,62,10,12,-1,-1,-1,0
315,22,263,83,11,13,-1,-1,-1,0
316,10,241,63,10,12,-1,-1,-1,0
316,22,260,85,11,13,-1,-1,-1,0
317,10,238,65,10,11,-1,-1,-1,0
317,22,257,87,11,13,-1,-1,-1,0
318,10,236,66,8,11,-1,-1,-1,0
318,22,254,89,11,13,-1,-1,-1,0
319,10,232,66,9,12,-1,-1,-1,0
319,22,249,91,12,12,-1,-1,-1,0
320,10,227,66,11,13,-1,-1,-1,0
320,22,245,92,12,12,-1,-1,-1,0
321,10,223,65,12,14,-1,-1,-1,0
321,22,241,93,12,12,-1,-1,-1,0
322,10,222,67,11,12,-1,-1,-1,0
322,22,240,92,12,12,-1,-1,-1,0
323,10,221,67,12,13,-1,-1,-1,0
323,22,241,92,12,12,-1,-1,-1,0
324,10,219,70,10,11,-1,-1,-1,0
324,22,237,93,12,12,-1,-1,-1,0
325,10,215,72,9,11,-1,-1,-1,0
325,22,233,94,11,13,-1,-1,-1,0
326,10,212,74,9,10,-1,-1,-1,0
326,22,229,95,12,14,-1,-1,-1,0
327,10,208,73,9,12,-1,-1,-1,0
327,22,225,98,13,13,-1,-1,-1,0
328,9,233,90,12,10,-1,-1,-1,0
328,10,204,73,11,13,-1,-1,-1,0
328,22,222,102,13,12,-1,-1,-1,0
329,9,233,92,12,9,-1,-1,-1,0
329,10,203,73,12,14,-1,-1,-1,0
329,22,222,102,12,12,-1,-1,-1,0
330,9,231,95,11,8,-1,-1,-1,0
330,10,201,74,12,14,-1,-1,-1,0
330,22,219,104,12,12,-1,-1,-1,0
331,9,229,97,10,9,-1,-1,-1,0
331,10,199,76,12,14,-1,-1,-1,0
331,22,215,107,12,12,-1,-1,-1,0
332,9,228,97,10,10,-1,-1,-1,0
332,10,198,76,12,14,-1,-1,-1,0
332,22,214,108,12,12,-1,-1,-1,0
333,9,228,97,10,10,-1,-1,-1,0
333,10,197,77,12,14,-1,-1,-1,0
333,22,214,108,12,11,-1,-1,-1,0
334,9,214,107,11,11,-1,-1,-1,0
334,10,190,81,15,13,-1,-1,-1,0
334,22,215,104,13,11,-1,-1,-1,0
335,9,211,107,9,13,-1,-1,-1,0
335,10,191,82,9,12,-1,-1,-1,0
335,22,218,101,10,10,-1,-1,-1,0
336,9,204,110,12,14,-1,-1,-1,0
336,10,187,84,9,13,-1,-1,-1,0
336,22,215,101,10,11,-1,-1,-1,0
337,9,204,106,12,14,-1,-1,-1,0
337,10,182,87,10,13,-1,-1,-1,0
337,22,202,112,12,12,-1,-1,-1,0
338,9,204,105,13,13,-1,-1,-1,0
338,10,179,88,11,14,-1,-1,-1,0
338,22,197,116,12,12,-1,-1,-1,0
339,9,206,106,11,11,-1,-1,-1,0
339,10,179,87,9,14,-1,-1,-1,0
339,22,196,116,12,13,-1,-1,-1,0
340,9,204,108,11,11,-1,-1,-1,0
340,10,192,102,12,14,-1,-1,-1,0
341,10,196,107,13,14,-1,-1,-1,0
341,22,189,123,11,12,-1,-1,-1,0
342,10,199,109,11,14,-1,-1,-1,0
342,22,189,121,10,14,-1,-1,-1,0
343,10,200,111,10,13,-1,-1,-1,0
343,22,189,120,10,16,-1,-1,-1,0
344,10,202,114,8,12,-1,-1,-1,0
344,22,189,119,11,18,-1,-1,-1,0
345,9,188,125,13,12,-1,-1,-1,0
345,10,200,113,12,14,-1,-1,-1,0
346,9,188,127,11,13,-1,-1,-1,0
346,10,200,115,13,13,-1,-1,-1,0
347,9,190,127,12,14,-1,-1,-1,0
347,10,204,116,12,12,-1,-1,-1,0
348,9,194,128,13,14,-1,-1,-1,0
348,10,208,117,13,12,-1,-1,-1,0
349,9,209,121,14,13,-1,-1,-1,0
349,10,207,125,11,12,-1,-1,-1,0
350,9,211,126,13,13,-1,-1,-1,0
350,10,221,120,11,13,-1,-1,-1,0
351,9,222,120,12,13,-1,-1,-1,0
351,10,215,126,13,13,-1,-1,-1,0
352,9,226,117,12,14,-1,-1,-1,0
352,10,213,128,12,13,-1,-1,-1,0
353,9,227,117,11,14,-1,-1,-1,0
353,10,213,129,12,12,-1,-1,-1,0
354,9,230,117,13,13,-1,-1,-1,0
354,10,217,129,12,12,-1,-1,-1,0
355,9,227,123,13,13,-1,-1,-1,0
355,10,232,121,11,13,-1,-1,-1,0
356,9,227,128,12,12,-1,-1,-1,0
356,10,236,117,12,14,-1,-1,-1,0
357,9,251,122,9,11,-1,-1,-1,0
357,10,243,121,12,14,-1,-1,-1,0
358,9,246,125,14,12,-1,-1,-1,0
358,10,256,117,10,14,-1,-1,-1,0
359,9,247,126,11,13,-1,-1,-1,0
359,10,260,117,13,12,-1,-1,-1,0
360,9,251,127,12,13,-1,-1,-1,0
360,10,266,116,12,13,-1,-1,-1,0
361,9,257,128,12,12,-1,-1,-1,0
361,10,272,116,12,14,-1,-1,-1,0
362,9,269,121,11,13,-1,-1,-1,0
362,10,265,124,13,12,-1,-1,-1,0
363,9,272,121,12,13,-1,-1,-1,0
363,10,273,120,11,12,-1,-1,-1,0
364,9,265,102,10,13,-1,-1,-1,0
364,10,274,126,12,12,-1,-1,-1,0
364,22,276,120,12,15,-1,-1,-1,0
365,9,264,99,9,12,-1,-1,-1,0
365,10,274,127,12,13,-1,-1,-1,0
365,22,286,118,10,12,-1,-1,-1,0
366,9,268,97,10,12,-1,-1,-1,0
366,10,289,121,10,12,-1,-1,-1,0
366,22,284,124,10,12,-1,-1,-1,0
367,9,289,110,11,12,-1,-1,-1,0
367,10,282,104,10,13,-1,-1,-1,0
367,22,289,125,9,13,-1,-1,-1,0
368,9,288,123,12,12,-1,-1,-1,0
368,10,274,98,15,14,-1,-1,-1,0
368,22,300,120,9,14,-1,-1,-1,0
369,9,289,128,12,12,-1,-1,-1,0
369,10,275,96,12,13,-1,-1,-1,0
369,22,302,120,13,14,-1,-1,-1,0
370,9,303,123,10,12,-1,-1,-1,0
370,10,280,98,12,12,-1,-1,-1,0
370,22,296,126,13,13,-1,-1,-1,0
371,9,296,129,12,12,-1,-1,-1,0
371,10,280,97,14,14,-1,-1,-1,0
371,22,305,123,10,12,-1,-1,-1,0
372,9,296,129,10,13,-1,-1,-1,0
372,10,283,100,12,11,-1,-1,-1,0
372,22,309,122,9,11,-1,-1,-1,0
373,9,293,131,12,13,-1,-1,-1,0
373,10,284,100,12,12,-1,-1,-1,0
373,22,310,120,9,13,-1,-1,-1,0
374,9,304,127,10,11,-1,-1,-1,0
374,10,284,100,12,12,-1,-1,-1,0
374,22,299,129,13,12,-1,-1,-1,0
375,9,308,124,9,13,-1,-1,-1,0
375,10,284,100,12,12,-1,-1,-1,0
375,22,296,132,12,12,-1,-1,-1,0
376,9,300,129,10,13,-1,-1,-1,0
376,10,285,100,12,14,-1,-1,-1,0
376,22,297,133,13,12,-1,-1,-1,0
377,9,296,133,10,14,-1,-1,-1,0
377,10,284,103,12,13,-1,-1,-1,0
377,22,305,126,10,14,-1,-1,-1,0
378,9,294,136,10,15,-1,-1,-1,0
378,10,283,106,11,13,-1,-1,-1,0
378,22,307,127,10,15,-1,-1,-1,0
379,9,291,139,11,14,-1,-1,-1,0
379,10,298,122,10,14,-1,-1,-1,0
379,22,290,116,12,13,-1,-1,-1,0
380,9,299,135,10,14,-1,-1,-1,0
380,10,291,136,13,12,-1,-1,-1,0
380,22,284,114,13,12,-1,-1,-1,0
381,9,290,136,14,15,-1,-1,-1,0
381,10,299,134,11,14,-1,-1,-1,0
381,22,283,110,10,14,-1,-1,-1,0
382,9,287,138,14,14,-1,-1,-1,0
382,10,302,131,10,16,-1,-1,-1,0
382,22,281,110,12,14,-1,-1,-1,0
383,9,287,137,12,17,-1,-1,-1,0
383,10,300,132,14,15,-1,-1,-1,0
383,22,279,109,12,17,-1,-1,-1,0
384,9,284,140,14,16,-1,-1,-1,0
384,10,300,134,12,15,-1,-1,-1,0
384,22,278,111,12,17,-1,-1,-1,0
385,9,295,138,9,15,-1,-1,-1,0
385,10,284,125,13,13,-1,-1,-1,0
385,22,277,111,13,17,-1,-1,-1,0
386,9,294,140,10,14,-1,-1,-1,0
386,10,275,124,12,12,-1,-1,-1,0
387,9,290,143,12,14,-1,-1,-1,0
387,10,268,126,12,12,-1,-1,-1,0
388,9,287,145,14,14,-1,-1,-1,0
388,10,266,127,12,12,-1,-1,-1,0
389,9,286,144,14,15,-1,-1,-1,0
389,10,271,144,10,13,-1,-1,-1,0
389,22,264,119,13,18,-1,-1,-1,0
390,9,276,151,11,15,-1,-1,-1,0
390,10,278,146,12,15,-1,-1,-1,0
390,22,261,122,13,18,-1,-1,-1,0
391,9,268,154,12,16,-1,-1,-1,0
391,10,280,151,11,14,-1,-1,-1,0
391,22,259,125,13,19,-1,-1,-1,0
392,9,265,159,15,13,-1,-1,-1,0
392,10,266,141,12,12,-1,-1,-1,0
392,22,257,126,13,19,-1,-1,-1,0
393,9,262,165,12,12,-1,-1,-1,0
393,10,259,141,12,12,-1,-1,-1,0
394,9,260,168,12,12,-1,-1,-1,0
394,10,257,140,12,12,-1,-1,-1,0
395,9,268,162,11,13,-1,-1,-1,0
395,10,259,157,10,13,-1,-1,-1,0
395,22,255,139,11,15,-1,-1,-1,0
396,9,260,167,11,13,-1,-1,-1,0
396,10,253,150,10,14,-1,-1,-1,0
396,22,265,156,11,12,-1,-1,-1,0
397,9,252,155,7,15,-1,-1,-1,0
397,10,252,165,12,14,-1,-1,-1,0
397,22,266,166,11,10,-1,-1,-1,0
398,9,249,169,13,13,-1,-1,-1,0
398,10,246,157,13,12,-1,-1,-1,0
398,22,267,166,9,12,-1,-1,-1,0
399,9,253,170,8,15,-1,-1,-1,0
399,10,260,162,10,14,-1,-1,-1,0
399,22,267,170,9,11,-1,-1,-1,0
400,9,251,173,9,14,-1,-1,-1,0
400,10,248,153,10,15,-1,-1,-1,0
400,22,264,169,10,13,-1,-1,-1,0
401,9,248,177,8,13,-1,-1,-1,0
401,10,255,167,11,13,-1,-1,-1,0
401,22,246,159,12,13,-1,-1,-1,0
402,9,244,180,12,12,-1,-1,-1,0
402,10,258,173,11,12,-1,-1,-1,0
402,22,242,157,10,13,-1,-1,-1,0
403,9,241,182,12,13,-1,-1,-1,0
403,10,257,176,10,12,-1,-1,-1,0
403,22,237,157,11,13,-1,-1,-1,0
404,9,233,168,13,12,-1,-1,-1,0
404,10,255,178,9,13,-1,-1,-1,0
404,22,236,177,12,12,-1,-1,-1,0
405,9,238,181,9,12,-1,-1,-1,0
405,10,253,181,10,12,-1,-1,-1,0
405,22,231,167,12,12,-1,-1,-1,0
406,9,245,181,13,11,-1,-1,-1,0
406,10,242,184,13,14,-1,-1,-1,0
406,22,231,162,10,13,-1,-1,-1,0
407,9,248,183,10,11,-1,-1,-1,0
407,10,233,171,10,13,-1,-1,-1,0
407,22,232,179,13,14,-1,-1,-1,0
408,9,237,190,12,12,-1,-1,-1,0
408,10,226,168,11,13,-1,-1,-1,0
408,22,240,184,11,12,-1,-1,-1,0
409,9,240,190,10,11,-1,-1,-1,0
409,10,221,169,11,13,-1,-1,-1,0
409,22,233,193,12,12,-1,-1,-1,0
410,9,231,197,12,12,-1,-1,-1,0
410,10,233,184,9,12,-1,-1,-1,0
410,22,221,182,12,12,-1,-1,-1,0
411,9,226,199,13,13,-1,-1,-1,0
411,10,235,190,10,12,-1,-1,-1,0
411,22,216,177,12,12,-1,-1,-1,0
412,9,236,197,9,12,-1,-1,-1,0
412,10,229,197,12,12,-1,-1,-1,0
412,22,215,175,12,12,-1,-1,-1,0
413,9,235,199,9,13,-1,-1,-1,0
413,10,225,200,13,13,-1,-1,-1,0
413,22,230,188,10,11,-1,-1,-1,0
414,9,223,206,12,12,-1,-1,-1,0
414,10,231,201,9,14,-1,-1,-1,0
414,22,216,186,12,12,-1,-1,-1,0
415,9,219,207,13,14,-1,-1,-1,0
415,10,229,202,14,14,-1,-1,-1,0
415,22,214,188,12,12,-1,-1,-1,0
416,9,224,207,12,13,-1,-1,-1,0
416,10,212,192,14,15,-1,-1,-1,0
416,22,214,207,14,13,-1,-1,-1,0
417,9,224,209,12,13,-1,-1,-1,0
417,10,205,192,13,15,-1,-1,-1,0
417,22,213,215,14,13,-1,-1,-1,0
418,9,215,213,15,14,-1,-1,-1,0
418,10,200,189,15,16,-1,-1,-1,0
418,22,220,210,12,15,-1,-1,-1,0
419,9,213,214,13,15,-1,-1,-1,0
419,10,198,187,15,18,-1,-1,-1,0
419,22,223,210,12,14,-1,-1,-1,0
420,9,217,212,12,15,-1,-1,-1,0
420,10,194,190,16,18,-1,-1,-1,0
420,22,213,217,13,14,-1,-1,-1,0
421,9,207,221,15,13,-1,-1,-1,0
421,10,190,195,15,16,-1,-1,-1,0
421,22,215,216,11,14,-1,-1,-1,0
423,9,202,227,14,14,-1,-1,-1,0
423,10,186,201,16,16,-1,-1,-1,0
423,22,212,220,12,14,-1,-1,-1,0
427,9,198,239,13,14,-1,-1,-1,0
427,10,199,222,13,15,-1,-1,-1,0
427,22,190,220,16,13,-1,-1,-1,0
428,9,198,241,11,16,-1,-1,-1,0
428,10,203,232,13,14,-1,-1,-1,0
428,22,185,217,12,15,-1,-1,-1,0
429,9,196,244,11,15,-1,-1,-1,0
429,10,204,237,12,14,-1,-1,-1,0
429,22,180,220,13,14,-1,-1,-1,0
430,9,193,247,12,15,-1,-1,-1,0
430,10,203,240,12,14,-1,-1,-1,0
430,22,176,223,13,14,-1,-1,-1,0
431,9,196,245,14,15,-1,-1,-1,0
431,10,194,249,13,13,-1,-1,-1,0
431,22,174,228,13,13,-1,-1,-1,0
432,9,196,246,14,15,-1,-1,-1,0
432,10,179,240,12,12,-1,-1,-1,0
432,22,184,247,11,12,-1,-1,-1,0
433,9,190,255,12,13,-1,-1,-1,0
433,10,172,237,12,12,-1,-1,-1,0
433,22,191,251,11,12,-1,-1,-1,0
434,9,192,257,11,11,-1,-1,-1,0
434,10,167,237,12,12,-1,-1,-1,0
434,22,187,259,11,12,-1,-1,-1,0
435,9,193,256,9,11,-1,-1,-1,0
435,10,166,238,12,12,-1,-1,-1,0
435,22,186,262,11,12,-1,-1,-1,0
436,9,194,255,8,12,-1,-1,-1,0
436,10,178,253,11,12,-1,-1,-1,0
436,22,173,248,12,12,-1,-1,-1,0
437,9,171,247,13,13,-1,-1,-1,0
437,10,178,262,13,12,-1,-1,-1,0
437,22,184,255,10,12,-1,-1,-1,0
438,9,180,257,11,13,-1,-1,-1,0
438,10,163,254,14,13,-1,-1,-1,0
438,22,177,266,14,13,-1,-1,-1,0
439,9,162,258,12,12,-1,-1,-1,0
439,10,170,272,12,13,-1,-1,-1,0
439,22,181,270,11,13,-1,-1,-1,0
440,9,155,258,12,12,-1,-1,-1,0
440,10,173,279,12,13,-1,-1,-1,0
440,22,182,270,11,15,-1,-1,-1,0
441,9,153,258,12,12,-1,-1,-1,0
441,10,180,277,10,12,-1,-1,-1,0
441,22,177,278,13,14,-1,-1,-1,0
442,9,167,273,12,12,-1,-1,-1,0
442,10,183,275,9,12,-1,-1,-1,0
442,22,161,266,13,13,-1,-1,-1,0
443,9,178,274,10,12,-1,-1,-1,0
443,10,178,279,11,12,-1,-1,-1,0
443,22,156,261,13,12,-1,-1,-1,0
444,9,180,277,9,12,-1,-1,-1,0
444,10,161,267,12,13,-1,-1,-1,0
444,22,166,277,13,11,-1,-1,-1,0
445,9,159,270,13,13,-1,-1,-1,0
445,10,171,277,12,12,-1,-1,-1,0
445,22,169,286,13,11,-1,-1,-1,0
446,9,149,270,13,14,-1,-1,-1,0
446,10,173,285,13,10,-1,-1,-1,0
446,22,169,293,14,10,-1,-1,-1,0
447,9,144,273,13,15,-1,-1,-1,0
447,10,170,297,14,9,-1,-1,-1,0
447,22,171,293,12,10,-1,-1,-1,0
448,9,144,277,13,13,-1,-1,-1,0
448,10,172,301,11,9,-1,-1,-1,0
448,22,173,293,12,10,-1,-1,-1,0
449,9,142,279,13,13,-1,-1,-1,0
449,10,171,306,11,8,-1,-1,-1,0
450,9,139,282,14,13,-1,-1,-1,0
450,22,172,298,12,10,-1,-1,-1,0
451,9,137,283,14,14,-1,-1,-1,0
451,22,171,302,12,9,-1,-1,-1,0
452,9,136,286,14,13,-1,-1,-1,0
453,9,135,289,14,13,-1,-1,-1,0
454,9,134,292,13,13,-1,-1,-1,0
455,9,134,296,13,12,-1,-1,-1,0
489,35,203,287,12,15,-1,-1,-1,0
489,36,153,274,14,17,-1,-1,-1,0
490,35,204,280,12,16,-1,-1,-1,0
490,36,154,269,13,16,-1,-1,-1,0
491,35,205,274,12,17,-1,-1,-1,0
491,36,155,265,12,14,-1,-1,-1,0
492,35,205,272,13,18,-1,-1,-1,0
492,36,154,264,14,13,-1,-1,-1,0
493,35,208,268,12,17,-1,-1,-1,0
493,36,181,261,10,11,-1,-1,-1,0
494,35,176,256,11,16,-1,-1,-1,0
494,36,191,255,10,11,-1,-1,-1,0
495,35,160,251,14,15,-1,-1,-1,0
495,36,196,253,9,11,-1,-1,-1,0
496,35,158,248,11,17,-1,-1,-1,0
496,36,197,252,10,11,-1,-1,-1,0
496,41,213,263,12,17,-1,-1,-1,0
501,41,214,241,13,19,-1,-1,-1,0
502,35,156,229,11,18,-1,-1,-1,0
502,36,198,231,10,10,-1,-1,-1,0
502,41,214,236,13,17,-1,-1,-1,0
503,35,158,229,11,16,-1,-1,-1,0
503,36,198,226,10,10,-1,-1,-1,0
503,41,215,234,12,18,-1,-1,-1,0
504,35,155,229,15,14,-1,-1,-1,0
504,36,198,226,9,9,-1,-1,-1,0
504,41,215,234,12,17,-1,-1,-1,0
505,35,154,229,14,13,-1,-1,-1,0
505,36,197,226,10,9,-1,-1,-1,0
505,41,215,235,12,17,-1,-1,-1,0
506,35,158,230,11,13,-1,-1,-1,0
506,36,197,226,10,9,-1,-1,-1,0
506,41,215,235,12,17,-1,-1,-1,0
507,35,158,233,12,13,-1,-1,-1,0
507,36,197,227,10,10,-1,-1,-1,0
507,41,215,237,12,17,-1,-1,-1,0
508,35,157,236,13,13,-1,-1,-1,0
508,36,197,228,10,11,-1,-1,-1,0
508,41,216,241,12,17,-1,-1,-1,0
509,35,157,240,13,13,-1,-1,-1,0
509,36,197,230,10,11,-1,-1,-1,0
509,41,218,245,12,17,-1,-1,-1,0
510,35,157,243,13,14,-1,-1,-1,0
510,36,197,232,11,11,-1,-1,-1,0
510,41,218,249,14,16,-1,-1,-1,0
511,35,158,247,12,13,-1,-1,-1,0
511,36,197,233,11,12,-1,-1,-1,0
511,41,218,253,14,15,-1,-1,-1,0
512,35,183,239,12,13,-1,-1,-1,0
512,36,174,245,10,13,-1,-1,-1,0
512,41,218,257,15,13,-1,-1,-1,0
513,35,192,237,12,13,-1,-1,-1,0
513,36,162,249,12,14,-1,-1,-1,0
513,41,221,259,13,12,-1,-1,-1,0
518,35,202,250,11,13,-1,-1,-1,0
518,36,161,269,15,12,-1,-1,-1,0
519,35,219,271,13,12,-1,-1,-1,0
519,36,163,274,11,13,-1,-1,-1,0
519,41,206,255,13,14,-1,-1,-1,0
520,35,226,280,13,13,-1,-1,-1,0
520,36,189,264,12,13,-1,-1,-1,0
520,41,175,270,13,14,-1,-1,-1,0
521,35,230,284,11,14,-1,-1,-1,0
521,36,200,263,11,12,-1,-1,-1,0
521,41,163,277,14,15,-1,-1,-1,0
522,35,231,286,12,16,-1,-1,-1,0
522,36,206,265,10,11,-1,-1,-1,0
522,41,159,282,15,15,-1,-1,-1,0
523,35,232,289,13,15,-1,-1,-1,0
523,36,206,263,12,13,-1,-1,-1,0
523,41,159,286,15,14,-1,-1,-1,0
524,35,234,292,12,13,-1,-1,-1,0
524,36,209,266,11,13,-1,-1,-1,0
524,41,162,291,12,12,-1,-1,-1,0
524,45,181,113,8,12,-1,-1,-1,0
524,46,185,111,12,14,-1,-1,-1,0
525,35,235,294,12,14,-1,-1,-1,0
525,36,212,272,11,11,-1,-1,-1,0
525,41,164,295,11,13,-1,-1,-1,0
525,45,179,116,10,11,-1,-1,-1,0
525,46,184,113,14,15,-1,-1,-1,0
526,35,236,297,12,12,-1,-1,-1,0
526,36,213,275,11,11,-1,-1,-1,0
526,41,161,299,11,11,-1,-1,-1,0
526,45,177,118,10,12,-1,-1,-1,0
527,35,223,286,10,11,-1,-1,-1,0
527,36,229,293,12,10,-1,-1,-1,0
527,45,176,120,10,12,-1,-1,-1,0
527,46,182,117,15,15,-1,-1,-1,0
528,35,218,283,10,11,-1,-1,-1,0
528,36,233,297,13,9,-1,-1,-1,0
528,45,173,121,11,14,-1,-1,-1,0
528,46,181,119,15,15,-1,-1,-1,0
529,35,217,284,10,11,-1,-1,-1,0
529,45,172,123,10,14,-1,-1,-1,0
529,46,180,122,15,15,-1,-1,-1,0
530,35,217,286,10,11,-1,-1,-1,0
530,45,170,125,11,15,-1,-1,-1,0
530,46,179,125,15,15,-1,-1,-1,0
531,35,217,289,10,11,-1,-1,-1,0
531,45,170,128,11,15,-1,-1,-1,0
531,46,178,128,15,15,-1,-1,-1,0
532,35,218,291,10,11,-1,-1,-1,0
532,45,172,131,10,13,-1,-1,-1,0
532,46,181,130,11,14,-1,-1,-1,0
533,35,218,292,11,11,-1,-1,-1,0
533,41,214,290,12,15,-1,-1,-1,0
533,45,178,131,5,13,-1,-1,-1,0
534,35,218,293,10,11,-1,-1,-1,0
534,41,217,291,12,15,-1,-1,-1,0
534,45,177,132,5,14,-1,-1,-1,0
535,35,221,295,9,11,-1,-1,-1,0
535,45,172,133,10,13,-1,-1,-1,0
535,46,178,129,15,17,-1,-1,-1,0
536,35,223,298,10,11,-1,-1,-1,0
536,36,176,148,10,9,-1,-1,-1,0
536,45,171,134,11,14,-1,-1,-1,0
537,35,226,300,9,10,-1,-1,-1,0
537,36,172,139,10,9,-1,-1,-1,0
537,46,178,132,15,17,-1,-1,-1,0
538,35,228,301,11,10,-1,-1,-1,0
538,36,171,136,10,9,-1,-1,-1,0
538,46,177,133,15,16,-1,-1,-1,0
539,35,230,299,10,10,-1,-1,-1,0
539,36,170,131,9,11,-1,-1,-1,0
539,46,177,130,13,16,-1,-1,-1,0
540,35,231,297,9,11,-1,-1,-1,0
540,36,168,128,10,12,-1,-1,-1,0
540,46,176,127,14,17,-1,-1,-1,0
541,35,231,294,11,11,-1,-1,-1,0
541,36,167,124,9,13,-1,-1,-1,0
541,46,175,123,13,17,-1,-1,-1,0
542,35,232,291,10,13,-1,-1,-1,0
542,36,166,121,9,13,-1,-1,-1,0
542,46,174,119,13,18,-1,-1,-1,0
543,35,233,291,11,11,-1,-1,-1,0
543,36,166,121,10,13,-1,-1,-1,0
543,46,173,120,16,16,-1,-1,-1,0
544,35,234,291,10,11,-1,-1,-1,0
544,36,166,120,10,12,-1,-1,-1,0
544,46,173,120,15,16,-1,-1,-1,0
545,35,235,285,10,11,-1,-1,-1,0
545,36,164,112,11,13,-1,-1,-1,0
545,46,172,114,15,15,-1,-1,-1,0
546,35,236,276,10,11,-1,-1,-1,0
546,36,163,103,11,11,-1,-1,-1,0
546,46,171,104,15,15,-1,-1,-1,0
547,35,237,267,10,11,-1,-1,-1,0
547,36,161,93,11,11,-1,-1,-1,0
547,46,169,95,15,14,-1,-1,-1,0
548,35,239,258,10,11,-1,-1,-1,0
548,36,159,83,12,10,-1,-1,-1,0
548,41,267,272,12,17,-1,-1,-1,0
548,45,183,286,15,15,-1,-1,-1,0
548,46,168,85,15,14,-1,-1,-1,0
549,35,240,255,10,11,-1,-1,-1,0
549,36,159,75,10,16,-1,-1,-1,0
549,41,269,271,12,17,-1,-1,-1,0
549,45,184,292,16,16,-1,-1,-1,0
549,46,168,80,15,15,-1,-1,-1,0
550,35,241,248,9,12,-1,-1,-1,0
550,36,159,70,10,17,-1,-1,-1,0
550,41,267,267,14,18,-1,-1,-1,0
550,45,185,291,15,17,-1,-1,-1,0
550,46,167,73,15,16,-1,-1,-1,0
551,35,242,242,9,13,-1,-1,-1,0
551,36,160,66,8,16,-1,-1,-1,0
551,41,264,262,18,18,-1,-1,-1,0
551,45,186,288,15,18,-1,-1,-1,0
551,46,165,68,15,16,-1,-1,-1,0
552,35,243,235,9,14,-1,-1,-1,0
552,36,161,62,7,15,-1,-1,-1,0
552,41,263,257,20,18,-1,-1,-1,0
552,45,187,285,15,17,-1,-1,-1,0
552,46,163,63,16,16,-1,-1,-1,0
553,35,242,235,12,13,-1,-1,-1,0
553,36,155,62,13,13,-1,-1,-1,0
553,41,269,257,12,18,-1,-1,-1,0
553,45,189,282,13,18,-1,-1,-1,0
553,46,163,62,16,16,-1,-1,-1,0
554,35,242,228,12,14,-1,-1,-1,0
554,36,155,56,10,13,-1,-1,-1,0
554,41,269,251,14,18,-1,-1,-1,0
554,45,191,277,12,18,-1,-1,-1,0
554,46,163,55,14,16,-1,-1,-1,0
555,35,242,219,13,15,-1,-1,-1,0
555,36,154,48,9,14,-1,-1,-1,0
555,41,270,242,16,18,-1,-1,-1,0
555,45,193,270,12,19,-1,-1,-1,0
555,46,161,46,12,17,-1,-1,-1,0
556,35,243,214,13,16,-1,-1,-1,0
556,36,156,46,15,15,-1,-1,-1,0
556,41,273,241,13,17,-1,-1,-1,0
556,45,191,268,16,17,-1,-1,-1,0
556,46,155,44,10,17,-1,-1,-1,0
557,36,159,46,15,15,-1,-1,-1,0
557,41,274,240,12,17,-1,-1,-1,0
557,45,193,266,14,18,-1,-1,-1,0
557,46,153,39,10,18,-1,-1,-1,0
558,35,239,203,12,16,-1,-1,-1,0
558,36,158,42,17,15,-1,-1,-1,0
558,41,268,229,13,17,-1,-1,-1,0
558,45,189,253,13,21,-1,-1,-1,0
558,46,143,27,16,16,-1,-1,-1,0
559,35,237,200,12,16,-1,-1,-1,0
559,41,267,224,13,16,-1,-1,-1,0
559,45,186,248,15,20,-1,-1,-1,0
559,46,143,27,15,15,-1,-1,-1,0
560,35,228,191,12,16,-1,-1,-1,0
560,41,260,216,12,16,-1,-1,-1,0
560,45,182,242,11,20,-1,-1,-1,0
561,35,225,187,12,17,-1,-1,-1,0
561,41,257,213,12,16,-1,-1,-1,0
561,45,175,240,17,19,-1,-1,-1,0
562,35,245,204,12,16,-1,-1,-1,0
562,36,119,21,13,13,-1,-1,-1,0
562,41,235,195,11,16,-1,-1,-1,0
562,45,175,242,16,17,-1,-1,-1,0
562,46,128,20,14,15,-1,-1,-1,0
563,35,252,209,12,16,-1,-1,-1,0
563,36,119,18,14,15,-1,-1,-1,0
563,41,226,189,12,16,-1,-1,-1,0
563,45,173,238,16,20,-1,-1,-1,0
563,46,114,17,13,14,-1,-1,-1,0
564,35,234,195,12,16,-1,-1,-1,0
564,36,106,15,14,14,-1,-1,-1,0
564,41,245,204,12,16,-1,-1,-1,0
564,45,172,236,17,22,-1,-1,-1,0
564,46,113,15,14,15,-1,-1,-1,0
565,35,223,188,12,16,-1,-1,-1,0
565,36,107,13,14,15,-1,-1,-1,0
565,41,248,207,12,17,-1,-1,-1,0
565,45,169,233,16,23,-1,-1,-1,0
565,46,99,13,15,14,-1,-1,-1,0
566,35,215,183,12,16,-1,-1,-1,0
566,36,94,11,14,14,-1,-1,-1,0
566,41,246,207,12,17,-1,-1,-1,0
566,45,164,230,15,23,-1,-1,-1,0
566,46,101,11,15,15,-1,-1,-1,0
567,35,230,197,11,17,-1,-1,-1,0
567,36,88,8,15,14,-1,-1,-1,0
567,41,218,187,13,17,-1,-1,-1,0
567,45,157,230,17,23,-1,-1,-1,0
567,46,88,12,15,14,-1,-1,-1,0
568,35,233,202,12,17,-1,-1,-1,0
568,41,208,183,12,16,-1,-1,-1,0
568,45,153,229,18,25,-1,-1,-1,0
568,46,85,11,15,15,-1,-1,-1,0
569,35,235,204,12,17,-1,-1,-1,0
569,41,205,181,12,16,-1,-1,-1,0
569,45,150,231,20,23,-1,-1,-1,0
569,46,84,11,15,15,-1,-1,-1,0
569,53,75,12,12,16,-1,-1,-1,0
570,35,235,205,13,17,-1,-1,-1,0
570,41,204,181,12,16,-1,-1,-1,0
570,45,152,232,15,23,-1,-1,-1,0
570,46,84,12,15,15,-1,-1,-1,0
570,53,74,13,14,15,-1,-1,-1,0
571,35,216,192,12,17,-1,-1,-1,0
571,41,224,197,11,17,-1,-1,-1,0
571,45,150,235,17,22,-1,-1,-1,0
571,46,80,13,15,15,-1,-1,-1,0
571,53,71,16,13,14,-1,-1,-1,0
572,35,227,203,12,17,-1,-1,-1,0
572,41,211,192,13,16,-1,-1,-1,0
572,45,149,238,18,22,-1,-1,-1,0
572,46,76,16,15,15,-1,-1,-1,0
572,53,67,19,12,14,-1,-1,-1,0
573,35,231,206,12,17,-1,-1,-1,0
573,41,207,190,12,16,-1,-1,-1,0
573,45,150,241,17,21,-1,-1,-1,0
573,46,74,17,15,15,-1,-1,-1,0
573,53,65,19,11,16,-1,-1,-1,0
574,35,233,210,12,16,-1,-1,-1,0
574,41,205,190,12,16,-1,-1,-1,0
574,45,149,245,19,20,-1,-1,-1,0
574,46,72,19,15,15,-1,-1,-1,0
574,53,64,23,11,14,-1,-1,-1,0
575,35,215,199,12,16,-1,-1,-1,0
575,41,223,206,12,16,-1,-1,-1,0
575,45,148,250,21,17,-1,-1,-1,0
575,46,70,23,15,15,-1,-1,-1,0
575,53,63,28,12,12,-1,-1,-1,0
576,35,208,194,12,16,-1,-1,-1,0
576,41,230,212,12,16,-1,-1,-1,0
576,45,154,250,14,19,-1,-1,-1,0
576,46,69,24,15,15,-1,-1,-1,0
576,53,59,27,13,14,-1,-1,-1,0
577,35,227,215,12,16,-1,-1,-1,0
577,41,218,207,12,16,-1,-1,-1,0
577,45,159,260,15,19,-1,-1,-1,0
577,46,66,25,16,15,-1,-1,-1,0
577,53,57,29,13,14,-1,-1,-1,0
578,35,234,222,12,16,-1,-1,-1,0
578,41,212,206,12,16,-1,-1,-1,0
578,45,157,258,18,24,-1,-1,-1,0
578,53,57,34,11,16,-1,-1,-1,0
579,35,237,224,12,16,-1,-1,-1,0
579,41,210,206,12,16,-1,-1,-1,0
579,45,158,262,18,21,-1,-1,-1,0
579,46,66,34,15,15,-1,-1,-1,0
579,53,57,38,12,15,-1,-1,-1,0
580,35,238,225,12,16,-1,-1,-1,0
580,41,209,206,12,16,-1,-1,-1,0
580,45,155,264,23,21,-1,-1,-1,0
580,46,66,36,15,15,-1,-1,-1,0
580,53,59,41,10,12,-1,-1,-1,0
581,35,236,227,16,16,-1,-1,-1,0
581,41,212,208,11,16,-1,-1,-1,0
581,45,159,267,20,21,-1,-1,-1,0
581,46,65,38,13,15,-1,-1,-1,0
581,53,57,43,11,12,-1,-1,-1,0
582,35,236,230,18,17,-1,-1,-1,0
582,41,214,213,12,15,-1,-1,-1,0
582,45,165,271,17,21,-1,-1,-1,0
582,46,64,42,13,16,-1,-1,-1,0
582,53,55,47,11,12,-1,-1,-1,0
583,35,237,232,18,17,-1,-1,-1,0
583,41,216,216,12,15,-1,-1,-1,0
583,45,168,274,16,21,-1,-1,-1,0
583,46,63,46,12,15,-1,-1,-1,0
583,53,55,51,9,11,-1,-1,-1,0
584,35,238,234,18,17,-1,-1,-1,0
584,41,218,220,11,13,-1,-1,-1,0
584,45,170,277,15,20,-1,-1,-1,0
584,46,63,49,11,15,-1,-1,-1,0
584,53,57,54,7,11,-1,-1,-1,0
585,35,240,237,16,17,-1,-1,-1,0
585,41,218,223,12,13,-1,-1,-1,0
585,45,173,280,13,19,-1,-1,-1,0
585,46,62,53,11,15,-1,-1,-1,0
585,53,57,58,8,10,-1,-1,-1,0
586,35,243,239,13,17,-1,-1,-1,0
586,41,219,223,12,14,-1,-1,-1,0
586,45,172,278,15,23,-1,-1,-1,0
586,46,61,54,15,15,-1,-1,-1,0
586,53,57,60,7,10,-1,-1,-1,0
587,35,244,239,12,17,-1,-1,-1,0
587,41,220,222,11,16,-1,-1,-1,0
587,45,171,280,16,20,-1,-1,-1,0
587,46,60,54,15,15,-1,-1,-1,0
588,35,245,241,12,17,-1,-1,-1,0
588,41,221,226,13,14,-1,-1,-1,0
588,45,174,283,15,19,-1,-1,-1,0
588,46,60,56,15,15,-1,-1,-1,0
588,56,48,55,14,16,-1,-1,-1,0
589,35,248,243,12,17,-1,-1,-1,0
589,41,225,229,12,14,-1,-1,-1,0
589,45,178,290,14,14,-1,-1,-1,0
589,46,54,60,12,15,-1,-1,-1,0
589,56,57,60,15,14,-1,-1,-1,0
590,35,249,247,14,16,-1,-1,-1,0
590,41,229,232,12,15,-1,-1,-1,0
590,45,182,294,13,13,-1,-1,-1,0
590,46,58,62,14,16,-1,-1,-1,0
590,56,54,64,12,15,-1,-1,-1,0
591,35,252,250,14,16,-1,-1,-1,0
591,41,233,238,12,14,-1,-1,-1,0
591,45,186,301,14,9,-1,-1,-1,0
591,46,53,69,13,14,-1,-1,-1,0
591,56,59,67,14,15,-1,-1,-1,0
592,35,255,251,11,17,-1,-1,-1,0
592,41,235,237,11,15,-1,-1,-1,0
592,45,189,304,11,8,-1,-1,-1,0
592,46,58,70,15,15,-1,-1,-1,0
592,56,54,70,14,14,-1,-1,-1,0
593,35,255,251,12,17,-1,-1,-1,0
593,41,235,237,12,16,-1,-1,-1,0
593,45,191,307,10,7,-1,-1,-1,0
593,46,60,70,15,15,-1,-1,-1,0
593,56,57,69,9,14,-1,-1,-1,0
594,35,242,242,12,16,-1,-1,-1,0
594,41,248,246,12,17,-1,-1,-1,0
594,46,60,69,15,15,-1,-1,-1,0
594,56,56,71,9,12,-1,-1,-1,0
595,35,254,251,12,17,-1,-1,-1,0
595,41,245,246,12,16,-1,-1,-1,0
595,46,60,73,15,15,-1,-1,-1,0
595,56,55,75,9,12,-1,-1,-1,0
596,35,258,254,12,17,-1,-1,-1,0
596,41,243,245,12,16,-1,-1,-1,0
596,46,61,74,15,15,-1,-1,-1,0
596,56,51,76,13,12,-1,-1,-1,0
597,35,259,257,14,17,-1,-1,-1,0
597,41,244,249,13,15,-1,-1,-1,0
597,46,61,76,13,16,-1,-1,-1,0
597,56,52,79,11,12,-1,-1,-1,0
598,35,260,261,15,17,-1,-1,-1,0
598,41,249,255,11,13,-1,-1,-1,0
598,46,60,78,11,18,-1,-1,-1,0
598,56,53,85,9,10,-1,-1,-1,0
599,35,263,263,13,17,-1,-1,-1,0
599,41,249,254,12,15,-1,-1,-1,0
599,46,59,81,15,16,-1,-1,-1,0
599,53,50,83,11,13,-1,-1,-1,0
600,35,264,263,12,18,-1,-1,-1,0
600,41,249,254,12,16,-1,-1,-1,0
600,46,53,83,12,14,-1,-1,-1,0
600,53,56,83,14,14,-1,-1,-1,0
601,35,266,264,12,17,-1,-1,-1,0
601,41,251,255,12,16,-1,-1,-1,0
601,46,57,85,15,14,-1,-1,-1,0
601,53,52,86,13,13,-1,-1,-1,0
602,35,268,266,12,17,-1,-1,-1,0
602,41,254,257,12,16,-1,-1,-1,0
602,46,59,86,15,15,-1,-1,-1,0
602,53,50,90,14,11,-1,-1,-1,0
603,35,269,266,12,17,-1,-1,-1,0
603,41,255,257,12,16,-1,-1,-1,0
603,46,60,87,15,14,-1,-1,-1,0
603,53,52,88,11,13,-1,-1,-1,0
604,35,270,266,12,17,-1,-1,-1,0
604,41,256,256,13,16,-1,-1,-1,0
604,46,60,86,15,15,-1,-1,-1,0
604,53,50,86,12,15,-1,-1,-1,0
605,35,273,265,12,17,-1,-1,-1,0
605,41,259,255,12,16,-1,-1,-1,0
605,46,59,85,15,15,-1,-1,-1,0
605,53,47,84,14,16,-1,-1,-1,0
606,35,274,264,12,17,-1,-1,-1,0
606,41,260,254,12,16,-1,-1,-1,0
606,46,59,86,15,15,-1,-1,-1,0
606,53,46,86,15,14,-1,-1,-1,0
607,35,266,254,12,17,-1,-1,-1,0
607,41,269,256,12,17,-1,-1,-1,0
607,46,57,81,15,15,-1,-1,-1,0
607,53,43,81,15,15,-1,-1,-1,0
608,35,270,252,12,16,-1,-1,-1,0
608,41,265,249,12,16,-1,-1,-1,0
608,46,54,74,15,15,-1,-1,-1,0
608,53,39,73,16,16,-1,-1,-1,0
609,35,272,251,12,17,-1,-1,-1,0
609,41,263,247,12,16,-1,-1,-1,0
609,46,53,72,15,15,-1,-1,-1,0
609,53,43,71,11,16,-1,-1,-1,0
610,35,273,241,12,17,-1,-1,-1,0
610,41,263,233,12,17,-1,-1,-1,0
610,46,49,63,15,15,-1,-1,-1,0
610,53,38,62,12,16,-1,-1,-1,0
611,35,266,233,12,17,-1,-1,-1,0
611,41,270,234,11,16,-1,-1,-1,0
611,46,48,61,15,15,-1,-1,-1,0
611,53,36,60,13,16,-1,-1,-1,0
612,35,263,231,12,16,-1,-1,-1,0
612,41,271,234,12,17,-1,-1,-1,0
612,46,46,59,15,15,-1,-1,-1,0
612,53,37,59,12,15,-1,-1,-1,0
612,58,219,284,14,17,-1,-1,-1,0
613,35,269,233,11,17,-1,-1,-1,0
613,41,265,231,13,17,-1,-1,-1,0
613,46,46,58,15,15,-1,-1,-1,0
613,53,37,61,12,13,-1,-1,-1,0
613,58,217,284,15,17,-1,-1,-1,0
614,35,262,225,13,15,-1,-1,-1,0
614,41,268,228,13,16,-1,-1,-1,0
614,46,44,52,14,15,-1,-1,-1,0
614,53,37,56,10,13,-1,-1,-1,0
614,58,217,279,15,17,-1,-1,-1,0
615,35,266,219,13,17,-1,-1,-1,0
615,41,262,219,13,14,-1,-1,-1,0
615,46,42,45,12,16,-1,-1,-1,0
615,53,34,48,10,14,-1,-1,-1,0
615,58,219,273,14,18,-1,-1,-1,0
616,35,261,212,12,14,-1,-1,-1,0
616,41,266,212,13,17,-1,-1,-1,0
616,46,39,39,13,17,-1,-1,-1,0
616,53,32,41,10,15,-1,-1,-1,0
616,58,219,266,14,18,-1,-1,-1,0
617,35,259,205,12,13,-1,-1,-1,0
617,41,267,204,14,19,-1,-1,-1,0
617,46,37,33,14,17,-1,-1,-1,0
617,53,29,35,11,15,-1,-1,-1,0
617,58,220,259,13,18,-1,-1,-1,0
618,35,258,199,12,12,-1,-1,-1,0
618,41,268,196,14,20,-1,-1,-1,0
618,46,35,28,15,17,-1,-1,-1,0
618,53,27,30,11,15,-1,-1,-1,0
618,58,220,252,14,18,-1,-1,-1,0
619,35,258,192,11,12,-1,-1,-1,0
619,41,269,189,13,21,-1,-1,-1,0
619,46,34,23,14,17,-1,-1,-1,0
619,53,25,25,12,15,-1,-1,-1,0
619,58,220,245,14,18,-1,-1,-1,0
620,35,257,186,11,12,-1,-1,-1,0
620,41,267,182,14,20,-1,-1,-1,0
620,46,32,18,13,15,-1,-1,-1,0
620,53,22,20,11,14,-1,-1,-1,0
620,58,220,238,14,18,-1,-1,-1,0
621,35,256,178,11,13,-1,-1,-1,0
621,41,265,177,15,18,-1,-1,-1,0
621,46,28,12,12,14,-1,-1,-1,0
621,53,21,14,9,13,-1,-1,-1,0
621,58,221,229,15,19,-1,-1,-1,0
622,35,256,175,11,15,-1,-1,-1,0
622,41,267,176,12,18,-1,-1,-1,0
622,46,26,11,15,15,-1,-1,-1,0
622,53,17,13,12,13,-1,-1,-1,0
622,58,224,227,11,19,-1,-1,-1,0
623,35,255,174,12,15,-1,-1,-1,0
623,41,268,176,12,18,-1,-1,-1,0
623,46,24,7,15,15,-1,-1,-1,0
623,53,17,13,11,12,-1,-1,-1,0
623,56,27,14,15,15,-1,-1,-1,0
624,35,255,173,12,16,-1,-1,-1,0
624,41,268,177,12,17,-1,-1,-1,0
624,53,15,11,12,16,-1,-1,-1,0
624,56,26,11,15,16,-1,-1,-1,0
624,58,221,225,15,19,-1,-1,-1,0
625,35,253,168,12,16,-1,-1,-1,0
625,41,266,171,12,17,-1,-1,-1,0
625,53,10,6,13,16,-1,-1,-1,0
625,56,22,6,15,15,-1,-1,-1,0
625,58,219,219,16,19,-1,-1,-1,0
626,35,250,161,13,15,-1,-1,-1,0
626,41,263,163,12,17,-1,-1,-1,0
626,46,7,0,12,15,-1,-1,-1,0
626,53,8,3,14,17,-1,-1,-1,0
626,56,17,0,15,15,-1,-1,-1,0
627,35,247,153,11,14,-1,-1,-1,0
627,41,257,151,12,18,-1,-1,-1,0
627,46,4,0,12,11,-1,-1,-1,0
628,35,244,146,9,12,-1,-1,-1,0
628,41,251,139,12,20,-1,-1,-1,0
628,58,211,195,15,19,-1,-1,-1,0
629,35,239,143,12,13,-1,-1,-1,0
629,41,248,140,15,16,-1,-1,-1,0
629,58,209,191,17,20,-1,-1,-1,0
630,35,239,140,11,15,-1,-1,-1,0
630,41,249,138,12,17,-1,-1,-1,0
630,58,210,188,13,21,-1,-1,-1,0
630,59,0,0,10,3,-1,-1,-1,0
631,35,235,137,13,14,-1,-1,-1,0
631,41,246,136,12,16,-1,-1,-1,0
631,58,209,185,13,21,-1,-1,-1,0
632,35,234,135,12,12,-1,-1,-1,0
632,41,243,133,12,17,-1,-1,-1,0
632,58,207,183,13,19,-1,-1,-1,0
633,35,233,134,11,13,-1,-1,-1,0
633,41,244,131,10,17,-1,-1,-1,0
633,58,207,183,12,19,-1,-1,-1,0
634,35,231,130,12,13,-1,-1,-1,0
634,41,234,131,12,16,-1,-1,-1,0
634,58,207,182,12,21,-1,-1,-1,0
635,35,234,134,10,12,-1,-1,-1,0
635,41,238,131,12,17,-1,-1,-1,0
635,58,205,182,14,20,-1,-1,-1,0
636,35,233,131,10,12,-1,-1,-1,0
636,41,233,131,12,16,-1,-1,-1,0
636,58,205,180,13,22,-1,-1,-1,0
637,41,232,133,12,15,-1,-1,-1,0
637,58,206,181,14,21,-1,-1,-1,0
638,35,243,134,11,16,-1,-1,-1,0
638,41,235,137,10,12,-1,-1,-1,0
638,58,208,184,16,19,-1,-1,-1,0
639,35,239,136,11,14,-1,-1,-1,0
639,41,242,138,10,13,-1,-1,-1,0
639,58,209,182,16,21,-1,-1,-1,0
640,35,245,139,12,15,-1,-1,-1,0
640,41,243,140,9,13,-1,-1,-1,0
640,58,211,186,19,20,-1,-1,-1,0
641,35,247,142,13,15,-1,-1,-1,0
641,41,241,141,11,13,-1,-1,-1,0
641,58,215,188,15,18,-1,-1,-1,0
642,35,248,143,12,15,-1,-1,-1,0
642,41,240,142,12,11,-1,-1,-1,0
642,58,216,189,16,17,-1,-1,-1,0
643,35,248,142,14,15,-1,-1,-1,0
643,41,241,139,10,14,-1,-1,-1,0
643,58,217,189,14,17,-1,-1,-1,0
644,35,248,144,12,15,-1,-1,-1,0
644,41,242,141,9,13,-1,-1,-1,0
644,58,217,190,14,17,-1,-1,-1,0
645,35,250,148,8,13,-1,-1,-1,0
645,41,243,144,8,12,-1,-1,-1,0
645,58,217,192,14,18,-1,-1,-1,0
646,35,249,149,10,13,-1,-1,-1,0
646,41,243,147,9,11,-1,-1,-1,0
646,58,219,192,12,20,-1,-1,-1,0
647,35,247,151,10,13,-1,-1,-1,0
647,41,242,149,9,10,-1,-1,-1,0
647,58,218,193,13,20,-1,-1,-1,0
648,35,245,154,10,13,-1,-1,-1,0
648,41,240,152,9,10,-1,-1,-1,0
648,58,216,197,14,19,-1,-1,-1,0
649,35,242,157,11,13,-1,-1,-1,0
649,41,238,155,9,9,-1,-1,-1,0
649,58,216,200,14,19,-1,-1,-1,0
650,35,237,161,12,13,-1,-1,-1,0
650,41,234,160,9,9,-1,-1,-1,0
650,58,214,206,13,17,-1,-1,-1,0
651,35,232,165,12,14,-1,-1,-1,0
651,41,228,164,9,9,-1,-1,-1,0
651,58,210,212,13,16,-1,-1,-1,0
652,35,231,165,11,16,-1,-1,-1,0
652,41,224,167,10,10,-1,-1,-1,0
652,58,204,212,15,17,-1,-1,-1,0
653,35,229,168,12,13,-1,-1,-1,0
653,41,224,167,9,10,-1,-1,-1,0
653,58,207,211,11,18,-1,-1,-1,0
654,35,227,170,12,13,-1,-1,-1,0
655,58,198,215,13,18,-1,-1,-1,0
656,58,193,217,13,19,-1,-1,-1,0
657,58,188,222,13,18,-1,-1,-1,0
658,58,185,226,10,19,-1,-1,-1,0
659,58,180,228,15,19,-1,-1,-1,0
660,58,182,230,11,18,-1,-1,-1,0
661,58,180,231,13,19,-1,-1,-1,0
662,58,178,232,14,21,-1,-1,-1,0
663,58,175,230,17,23,-1,-1,-1,0
664,58,175,235,16,22,-1,-1,-1,0
665,58,172,235,18,23,-1,-1,-1,0
666,58,172,238,18,21,-1,-1,-1,0
667,58,173,239,17,21,-1,-1,-1,0
668,58,173,240,18,22,-1,-1,-1,0
669,58,175,238,14,24,-1,-1,-1,0
670,58,175,238,19,24,-1,-1,-1,0
671,58,177,236,16,26,-1,-1,-1,0
672,58,176,237,20,25,-1,-1,-1,0
673,58,177,236,18,26,-1,-1,-1,0
674,58,180,238,17,24,-1,-1,-1,0
675,58,185,242,16,21,-1,-1,-1,0
676,58,187,242,15,21,-1,-1,-1,0
677,58,187,242,15,21,-1,-1,-1,0
678,58,188,242,15,21,-1,-1,-1,0
679,58,188,242,15,21,-1,-1,-1,0
680,58,189,241,15,21,-1,-1,-1,0
681,58,191,240,14,22,-1,-1,-1,0
682,58,190,241,16,20,-1,-1,-1,0
683,58,194,239,11,23,-1,-1,-1,0
684,58,191,239,15,23,-1,-1,-1,0
685,58,191,237,15,22,-1,-1,-1,0
686,58,191,234,15,21,-1,-1,-1,0
687,58,190,222,15,22,-1,-1,-1,0
688,58,189,207,15,23,-1,-1,-1,0
689,58,190,202,13,23,-1,-1,-1,0
690,58,188,196,15,23,-1,-1,-1,0
691,58,187,189,16,22,-1,-1,-1,0
692,58,186,183,18,21,-1,-1,-1,0
693,58,196,158,13,18,-1,-1,-1,0
