1,2,365,90,13,14,-1,-1,-1,0
2,2,344,96,12,12,-1,-1,-1,0
3,2,336,97,11,12,-1,-1,-1,0
3,4,330,107,14,14,-1,-1,-1,0
4,2,331,96,11,12,-1,-1,-1,0
4,4,329,105,12,15,-1,-1,-1,0
4,6,353,87,12,15,-1,-1,-1,0
5,2,327,102,9,15,-1,-1,-1,0
5,4,329,97,11,14,-1,-1,-1,0
5,6,350,85,12,17,-1,-1,-1,0
6,2,323,98,11,13,-1,-1,-1,0
6,4,324,102,10,14,-1,-1,-1,0
6,6,345,86,12,16,-1,-1,-1,0
7,2,334,93,10,12,-1,-1,-1,0
7,4,322,99,9,11,-1,-1,-1,0
7,6,342,86,13,16,-1,-1,-1,0
8,2,338,91,9,11,-1,-1,-1,0
8,4,321,97,9,11,-1,-1,-1,0
9,2,327,95,9,10,-1,-1,-1,0
9,4,319,96,9,10,-1,-1,-1,0
9,7,318,106,9,11,-1,-1,-1,0
10,2,323,95,9,10,-1,-1,-1,0
10,6,341,87,10,11,-1,-1,-1,0
10,7,320,105,9,11,-1,-1,-1,0
11,2,319,96,9,9,-1,-1,-1,0
11,6,326,88,10,13,-1,-1,-1,0
11,7,315,102,13,14,-1,-1,-1,0
12,6,320,86,12,16,-1,-1,-1,0
12,7,316,100,11,17,-1,-1,-1,0
13,6,335,82,12,16,-1,-1,-1,0
13,7,317,100,13,17,-1,-1,-1,0
14,4,324,88,13,14,-1,-1,-1,0
14,6,342,81,12,16,-1,-1,-1,0
14,7,320,101,14,15,-1,-1,-1,0
15,4,327,90,13,13,-1,-1,-1,0
15,6,346,82,13,14,-1,-1,-1,0
15,7,324,101,13,14,-1,-1,-1,0
16,4,329,91,12,12,-1,-1,-1,0
16,6,349,83,12,13,-1,-1,-1,0
16,7,326,102,13,13,-1,-1,-1,0
17,4,345,84,12,13,-1,-1,-1,0
17,6,339,87,13,12,-1,-1,-1,0
17,7,330,100,12,14,-1,-1,-1,0
18,4,354,80,13,13,-1,-1,-1,0
18,6,339,87,12,12,-1,-1,-1,0
18,7,335,99,12,13,-1,-1,-1,0
19,4,361,78,12,13,-1,-1,-1,0
19,6,343,87,12,12,-1,-1,-1,0
19,7,340,97,12,13,-1,-1,-1,0
20,4,355,82,12,12,-1,-1,-1,0
20,6,360,80,12,12,-1,-1,-1,0
20,7,345,95,12,14,-1,-1,-1,0
21,4,355,83,12,12,-1,-1,-1,0
21,6,369,76,12,13,-1,-1,-1,0
21,7,351,94,12,13,-1,-1,-1,0
22,4,368,77,12,13,-1,-1,-1,0
22,6,360,81,13,12,-1,-1,-1,0
22,7,353,94,12,13,-1,-1,-1,0
23,4,362,80,12,12,-1,-1,-1,0
23,6,372,76,12,13,-1,-1,-1,0
23,7,354,93,12,13,-1,-1,-1,0
24,4,376,76,12,12,-1,-1,-1,0
24,6,366,80,13,12,-1,-1,-1,0
24,7,358,93,12,13,-1,-1,-1,0
25,4,380,71,11,15,-1,-1,-1,0
25,6,363,77,12,14,-1,-1,-1,0
25,7,357,90,15,14,-1,-1,-1,0
26,4,367,83,13,14,-1,-1,-1,0
26,6,376,72,10,14,-1,-1,-1,0
26,7,362,80,12,14,-1,-1,-1,0
27,4,365,85,11,15,-1,-1,-1,0
27,6,382,69,10,15,-1,-1,-1,0
27,7,365,77,11,13,-1,-1,-1,0
28,4,366,80,12,13,-1,-1,-1,0
28,6,385,67,10,15,-1,-1,-1,0
28,7,367,82,9,15,-1,-1,-1,0
29,4,369,77,11,13,-1,-1,-1,0
29,6,386,67,12,14,-1,-1,-1,0
29,7,368,84,10,15,-1,-1,-1,0
30,4,371,77,11,12,-1,-1,-1,0
30,6,388,67,11,14,-1,-1,-1,0
30,7,370,85,10,14,-1,-1,-1,0
31,4,373,76,12,12,-1,-1,-1,0
31,6,390,67,12,14,-1,-1,-1,0
31,7,371,84,11,15,-1,-1,-1,0
32,4,386,71,12,12,-1,-1,-1,0
32,6,382,74,12,12,-1,-1,-1,0
32,7,372,85,13,13,-1,-1,-1,0
33,2,388,63,14,15,-1,-1,-1,0
33,4,389,69,12,13,-1,-1,-1,0
33,6,378,75,11,12,-1,-1,-1,0
34,2,395,61,13,15,-1,-1,-1,0
34,6,382,74,11,12,-1,-1,-1,0
34,7,378,84,13,14,-1,-1,-1,0
35,2,404,60,13,15,-1,-1,-1,0
35,6,390,73,11,12,-1,-1,-1,0
35,7,386,82,13,14,-1,-1,-1,0
36,2,413,59,13,14,-1,-1,-1,0
36,6,396,77,12,14,-1,-1,-1,0
36,7,397,74,13,13,-1,-1,-1,0
37,2,422,58,13,13,-1,-1,-1,0
37,6,406,72,13,13,-1,-1,-1,0
37,7,405,76,12,14,-1,-1,-1,0
38,2,423,65,12,12,-1,-1,-1,0
38,4,416,76,12,13,-1,-1,-1,0
38,6,426,62,12,13,-1,-1,-1,0
39,2,422,73,11,13,-1,-1,-1,0
39,4,421,71,12,12,-1,-1,-1,0
39,6,434,58,12,13,-1,-1,-1,0
40,2,438,74,12,13,-1,-1,-1,0
40,4,438,66,13,12,-1,-1,-1,0
40,6,456,53,12,13,-1,-1,-1,0
41,2,444,74,12,13,-1,-1,-1,0
41,4,445,65,12,12,-1,-1,-1,0
41,6,464,52,12,13,-1,-1,-1,0
42,2,447,73,10,15,-1,-1,-1,0
42,4,457,55,12,14,-1,-1,-1,0
42,6,455,58,13,13,-1,-1,-1,0
43,2,452,74,9,15,-1,-1,-1,0
43,4,465,50,11,15,-1,-1,-1,0
43,6,456,58,11,14,-1,-1,-1,0
44,4,472,47,10,16,-1,-1,-1,0
44,6,461,57,9,14,-1,-1,-1,0
44,7,455,70,10,15,-1,-1,-1,0
45,4,479,44,9,18,-1,-1,-1,0
45,6,466,56,8,15,-1,-1,-1,0
45,7,461,69,10,15,-1,-1,-1,0
46,4,483,43,10,18,-1,-1,-1,0
46,6,469,56,10,14,-1,-1,-1,0
46,7,465,68,11,14,-1,-1,-1,0
47,4,485,44,12,16,-1,-1,-1,0
47,6,472,56,12,13,-1,-1,-1,0
47,7,468,66,12,14,-1,-1,-1,0
48,4,487,45,13,14,-1,-1,-1,0
48,6,476,56,12,12,-1,-1,-1,0
48,7,471,65,13,13,-1,-1,-1,0
49,4,491,45,12,13,-1,-1,-1,0
49,6,479,56,12,12,-1,-1,-1,0
49,7,476,65,13,13,-1,-1,-1,0
50,4,492,45,12,13,-1,-1,-1,0
50,6,480,56,12,12,-1,-1,-1,0
50,7,478,65,12,13,-1,-1,-1,0
51,4,492,45,12,13,-1,-1,-1,0
51,6,481,56,12,12,-1,-1,-1,0
51,7,479,65,12,13,-1,-1,-1,0
52,4,484,53,13,12,-1,-1,-1,0
52,6,488,49,12,13,-1,-1,-1,0
52,7,479,65,12,13,-1,-1,-1,0
53,4,482,55,12,12,-1,-1,-1,0
53,6,490,47,12,13,-1,-1,-1,0
53,7,479,65,12,13,-1,-1,-1,0
54,4,482,52,12,13,-1,-1,-1,0
54,6,491,44,12,13,-1,-1,-1,0
54,7,478,64,13,12,-1,-1,-1,0
55,4,478,62,12,12,-1,-1,-1,0
55,6,491,45,12,13,-1,-1,-1,0
55,7,480,56,12,13,-1,-1,-1,0
56,4,476,67,12,12,-1,-1,-1,0
56,6,490,47,12,13,-1,-1,-1,0
56,7,480,56,12,13,-1,-1,-1,0
57,4,475,71,12,12,-1,-1,-1,0
57,6,483,55,12,13,-1,-1,-1,0
57,7,485,53,12,13,-1,-1,-1,0
58,2,474,75,12,13,-1,-1,-1,0
58,4,476,67,12,12,-1,-1,-1,0
58,6,485,56,12,13,-1,-1,-1,0
59,2,473,74,12,14,-1,-1,-1,0
59,4,484,59,10,12,-1,-1,-1,0
59,6,480,60,10,13,-1,-1,-1,0
60,2,472,76,12,14,-1,-1,-1,0
60,4,479,64,10,13,-1,-1,-1,0
60,6,483,59,11,13,-1,-1,-1,0
61,2,474,74,11,13,-1,-1,-1,0
61,4,473,77,12,13,-1,-1,-1,0
61,6,482,62,12,13,-1,-1,-1,0
62,2,479,70,12,13,-1,-1,-1,0
62,4,472,84,12,13,-1,-1,-1,0
62,6,476,73,12,12,-1,-1,-1,0
63,2,481,68,12,13,-1,-1,-1,0
63,4,471,88,12,13,-1,-1,-1,0
63,6,474,77,12,12,-1,-1,-1,0
64,2,474,75,12,14,-1,-1,-1,0
64,4,469,91,12,13,-1,-1,-1,0
64,6,478,72,10,14,-1,-1,-1,0
65,2,467,87,14,14,-1,-1,-1,0
65,4,476,79,9,14,-1,-1,-1,0
65,6,472,78,10,15,-1,-1,-1,0
66,2,464,93,12,13,-1,-1,-1,0
66,4,468,82,12,14,-1,-1,-1,0
66,6,474,75,10,14,-1,-1,-1,0
67,2,462,96,12,13,-1,-1,-1,0
67,4,464,84,12,14,-1,-1,-1,0
67,6,472,76,12,13,-1,-1,-1,0
68,2,459,98,12,13,-1,-1,-1,0
68,4,461,87,13,12,-1,-1,-1,0
68,6,470,77,12,13,-1,-1,-1,0
69,2,463,85,12,13,-1,-1,-1,0
69,4,457,95,12,13,-1,-1,-1,0
69,6,461,84,13,13,-1,-1,-1,0
70,2,463,80,12,13,-1,-1,-1,0
70,4,454,98,12,13,-1,-1,-1,0
70,6,456,87,12,12,-1,-1,-1,0
71,2,463,80,12,13,-1,-1,-1,0
71,4,452,93,12,12,-1,-1,-1,0
71,6,459,81,12,13,-1,-1,-1,0
72,2,455,95,10,13,-1,-1,-1,0
72,4,452,92,12,11,-1,-1,-1,0
72,6,458,77,13,14,-1,-1,-1,0
73,2,451,98,10,13,-1,-1,-1,0
73,4,449,90,13,12,-1,-1,-1,0
73,6,456,75,12,15,-1,-1,-1,0
74,2,447,99,11,13,-1,-1,-1,0
74,4,446,89,14,12,-1,-1,-1,0
74,6,454,75,12,15,-1,-1,-1,0
75,2,445,100,10,13,-1,-1,-1,0
75,4,444,89,14,12,-1,-1,-1,0
75,6,452,74,11,15,-1,-1,-1,0
76,2,441,92,14,13,-1,-1,-1,0
76,4,442,96,11,13,-1,-1,-1,0
76,6,449,74,11,15,-1,-1,-1,0
77,2,442,80,12,14,-1,-1,-1,0
77,4,438,98,12,13,-1,-1,-1,0
77,6,441,82,13,14,-1,-1,-1,0
78,2,441,75,12,14,-1,-1,-1,0
78,4,436,99,12,13,-1,-1,-1,0
78,6,437,85,11,13,-1,-1,-1,0
79,2,439,75,12,13,-1,-1,-1,0
79,4,433,100,12,13,-1,-1,-1,0
79,6,434,86,11,13,-1,-1,-1,0
80,2,437,75,12,13,-1,-1,-1,0
80,4,431,100,12,13,-1,-1,-1,0
80,6,431,87,13,13,-1,-1,-1,0
81,2,432,84,12,12,-1,-1,-1,0
81,4,432,85,12,13,-1,-1,-1,0
81,6,429,95,11,13,-1,-1,-1,0
82,2,430,84,12,13,-1,-1,-1,0
82,4,433,87,8,13,-1,-1,-1,0
82,6,429,97,9,15,-1,-1,-1,0
83,2,427,93,10,15,-1,-1,-1,0
83,4,430,87,9,13,-1,-1,-1,0
83,6,430,84,11,14,-1,-1,-1,0
84,2,423,96,11,14,-1,-1,-1,0
84,4,427,87,10,13,-1,-1,-1,0
84,6,429,78,11,14,-1,-1,-1,0
85,2,421,91,13,13,-1,-1,-1,0
85,4,425,80,12,13,-1,-1,-1,0
85,6,422,91,13,13,-1,-1,-1,0
86,2,424,78,10,14,-1,-1,-1,0
86,4,422,85,12,12,-1,-1,-1,0
86,6,422,96,10,13,-1,-1,-1,0
87,2,418,91,12,14,-1,-1,-1,0
87,4,419,87,12,11,-1,-1,-1,0
87,6,420,81,12,14,-1,-1,-1,0
88,2,417,81,12,14,-1,-1,-1,0
88,4,416,87,12,12,-1,-1,-1,0
88,6,414,92,12,14,-1,-1,-1,0
89,2,416,76,12,13,-1,-1,-1,0
89,4,414,87,12,12,-1,-1,-1,0
89,6,412,95,12,13,-1,-1,-1,0
90,2,410,83,12,12,-1,-1,-1,0
90,4,409,93,12,13,-1,-1,-1,0
90,6,410,81,12,13,-1,-1,-1,0
91,2,408,74,11,14,-1,-1,-1,0
91,4,407,88,11,12,-1,-1,-1,0
91,6,406,90,12,13,-1,-1,-1,0
92,2,406,82,13,13,-1,-1,-1,0
92,4,409,78,11,13,-1,-1,-1,0
92,6,406,94,12,13,-1,-1,-1,0
93,2,408,73,10,14,-1,-1,-1,0
93,4,407,81,12,12,-1,-1,-1,0
93,6,404,94,13,13,-1,-1,-1,0
94,2,407,69,11,14,-1,-1,-1,0
94,4,404,88,12,13,-1,-1,-1,0
94,6,405,86,12,13,-1,-1,-1,0
95,2,406,77,12,13,-1,-1,-1,0
95,4,403,91,12,13,-1,-1,-1,0
95,6,406,74,11,13,-1,-1,-1,0
96,2,405,80,12,12,-1,-1,-1,0
96,4,403,92,12,13,-1,-1,-1,0
96,6,406,68,11,14,-1,-1,-1,0
97,2,405,81,12,12,-1,-1,-1,0
97,4,403,92,12,13,-1,-1,-1,0
97,6,405,66,12,15,-1,-1,-1,0
98,2,405,82,11,12,-1,-1,-1,0
98,4,402,92,13,13,-1,-1,-1,0
98,6,404,66,12,14,-1,-1,-1,0
99,2,404,82,12,12,-1,-1,-1,0
99,4,402,91,12,13,-1,-1,-1,0
99,6,404,65,12,14,-1,-1,-1,0
100,2,404,82,12,12,-1,-1,-1,0
100,4,402,91,12,13,-1,-1,-1,0
100,6,403,65,12,14,-1,-1,-1,0
101,2,404,82,12,12,-1,-1,-1,0
101,4,402,91,12,13,-1,-1,-1,0
101,6,403,65,12,13,-1,-1,-1,0
102,2,404,82,12,12,-1,-1,-1,0
102,4,403,91,12,13,-1,-1,-1,0
102,6,404,66,12,13,-1,-1,-1,0
103,2,404,81,11,12,-1,-1,-1,0
103,4,400,91,13,13,-1,-1,-1,0
103,6,402,65,12,14,-1,-1,-1,0
104,2,407,81,12,11,-1,-1,-1,0
104,4,406,90,12,13,-1,-1,-1,0
104,6,406,65,12,13,-1,-1,-1,0
105,2,413,79,12,12,-1,-1,-1,0
105,4,413,88,12,13,-1,-1,-1,0
105,6,413,65,12,13,-1,-1,-1,0
106,2,417,85,9,13,-1,-1,-1,0
106,4,415,79,12,13,-1,-1,-1,0
106,6,414,63,13,13,-1,-1,-1,0
107,2,426,86,9,13,-1,-1,-1,0
107,4,424,65,11,14,-1,-1,-1,0
107,6,424,71,12,12,-1,-1,-1,0
108,2,437,86,9,11,-1,-1,-1,0
108,4,436,58,10,16,-1,-1,-1,0
108,6,437,73,10,11,-1,-1,-1,0
109,2,444,77,10,12,-1,-1,-1,0
109,4,443,56,11,16,-1,-1,-1,0
109,6,444,80,9,11,-1,-1,-1,0
110,2,449,73,11,12,-1,-1,-1,0
110,4,447,56,13,15,-1,-1,-1,0
110,6,448,82,11,12,-1,-1,-1,0
111,2,453,78,12,13,-1,-1,-1,0
111,4,452,57,13,14,-1,-1,-1,0
111,6,453,76,12,12,-1,-1,-1,0
112,2,454,80,12,13,-1,-1,-1,0
112,4,454,58,12,13,-1,-1,-1,0
112,6,455,73,12,12,-1,-1,-1,0
113,2,456,80,11,14,-1,-1,-1,0
113,4,456,54,10,14,-1,-1,-1,0
113,6,457,71,12,12,-1,-1,-1,0
114,2,459,73,12,13,-1,-1,-1,0
114,4,458,54,12,14,-1,-1,-1,0
114,6,459,78,12,12,-1,-1,-1,0
115,2,463,78,12,13,-1,-1,-1,0
115,4,463,55,13,14,-1,-1,-1,0
115,6,464,73,12,12,-1,-1,-1,0
116,2,464,80,12,13,-1,-1,-1,0
116,4,465,56,12,13,-1,-1,-1,0
116,6,465,71,12,12,-1,-1,-1,0
117,2,465,73,13,12,-1,-1,-1,0
117,4,464,55,12,13,-1,-1,-1,0
117,6,465,76,12,13,-1,-1,-1,0
118,2,467,67,11,13,-1,-1,-1,0
118,4,462,52,13,13,-1,-1,-1,0
118,6,466,78,11,12,-1,-1,-1,0
119,2,465,66,11,13,-1,-1,-1,0
119,4,460,51,13,14,-1,-1,-1,0
119,6,465,79,10,11,-1,-1,-1,0
120,2,462,67,12,12,-1,-1,-1,0
120,4,459,52,12,14,-1,-1,-1,0
120,6,462,79,10,12,-1,-1,-1,0
121,2,460,68,12,12,-1,-1,-1,0
121,4,456,54,12,13,-1,-1,-1,0
121,6,458,79,12,12,-1,-1,-1,0
122,2,459,67,12,12,-1,-1,-1,0
122,4,455,55,12,13,-1,-1,-1,0
122,6,457,78,12,13,-1,-1,-1,0
123,2,458,75,11,12,-1,-1,-1,0
123,4,454,52,12,14,-1,-1,-1,0
123,6,456,71,13,12,-1,-1,-1,0
124,2,454,70,13,11,-1,-1,-1,0
124,4,451,51,12,14,-1,-1,-1,0
124,6,454,75,12,13,-1,-1,-1,0
125,2,452,67,12,12,-1,-1,-1,0
125,4,448,53,12,13,-1,-1,-1,0
125,6,451,76,12,13,-1,-1,-1,0
126,2,442,74,12,13,-1,-1,-1,0
126,4,440,54,12,13,-1,-1,-1,0
126,6,443,71,12,13,-1,-1,-1,0
127,2,438,77,12,13,-1,-1,-1,0
127,4,437,55,12,13,-1,-1,-1,0
127,6,440,69,12,12,-1,-1,-1,0
128,2,438,72,12,12,-1,-1,-1,0
128,4,435,55,12,13,-1,-1,-1,0
128,6,437,75,12,13,-1,-1,-1,0
129,2,437,69,12,11,-1,-1,-1,0
129,4,434,54,12,13,-1,-1,-1,0
129,6,438,76,11,14,-1,-1,-1,0
130,2,435,66,11,12,-1,-1,-1,0
130,4,430,52,12,14,-1,-1,-1,0
130,6,436,76,10,14,-1,-1,-1,0
131,2,428,56,11,13,-1,-1,-1,0
131,4,428,52,12,13,-1,-1,-1,0
131,6,433,76,9,14,-1,-1,-1,0
132,2,423,52,10,14,-1,-1,-1,0
132,6,428,67,11,14,-1,-1,-1,0
133,2,418,51,12,14,-1,-1,-1,0
133,6,423,65,13,13,-1,-1,-1,0
134,2,414,52,12,13,-1,-1,-1,0
134,4,420,64,12,12,-1,-1,-1,0
134,6,420,72,11,13,-1,-1,-1,0
135,2,413,52,12,13,-1,-1,-1,0
135,4,420,65,12,12,-1,-1,-1,0
135,6,418,75,12,13,-1,-1,-1,0
136,2,417,60,12,13,-1,-1,-1,0
136,4,415,57,12,12,-1,-1,-1,0
136,6,418,76,12,11,-1,-1,-1,0
137,2,411,55,12,12,-1,-1,-1,0
137,4,415,62,12,12,-1,-1,-1,0
137,6,416,76,11,11,-1,-1,-1,0
138,2,410,61,13,12,-1,-1,-1,0
138,4,407,56,12,12,-1,-1,-1,0
138,6,412,76,11,11,-1,-1,-1,0
139,2,408,63,12,12,-1,-1,-1,0
139,4,402,54,12,12,-1,-1,-1,0
139,6,407,76,12,11,-1,-1,-1,0
140,2,404,64,12,12,-1,-1,-1,0
140,4,397,53,12,12,-1,-1,-1,0
140,6,402,76,12,12,-1,-1,-1,0
141,2,400,65,12,12,-1,-1,-1,0
141,4,393,52,12,13,-1,-1,-1,0
141,6,398,75,12,13,-1,-1,-1,0
142,2,399,65,12,12,-1,-1,-1,0
142,4,392,52,12,13,-1,-1,-1,0
142,6,397,75,12,13,-1,-1,-1,0
143,2,400,63,10,13,-1,-1,-1,0
143,4,393,52,9,12,-1,-1,-1,0
143,6,400,74,8,14,-1,-1,-1,0
144,2,397,62,10,13,-1,-1,-1,0
144,4,389,51,10,12,-1,-1,-1,0
144,6,396,74,9,13,-1,-1,-1,0
145,2,392,62,11,13,-1,-1,-1,0
145,4,385,51,10,12,-1,-1,-1,0
145,6,391,74,11,13,-1,-1,-1,0
146,2,388,62,11,13,-1,-1,-1,0
146,4,380,51,11,13,-1,-1,-1,0
146,6,386,74,11,13,-1,-1,-1,0
147,2,383,62,12,13,-1,-1,-1,0
147,4,376,51,11,13,-1,-1,-1,0
147,6,381,74,12,13,-1,-1,-1,0
148,2,378,63,12,12,-1,-1,-1,0
148,4,371,52,12,13,-1,-1,-1,0
148,6,376,74,12,13,-1,-1,-1,0
149,2,380,62,9,12,-1,-1,-1,0
149,4,369,50,11,14,-1,-1,-1,0
149,6,377,74,10,12,-1,-1,-1,0
150,2,375,62,11,12,-1,-1,-1,0
150,4,365,50,11,14,-1,-1,-1,0
150,6,373,73,11,13,-1,-1,-1,0
151,2,371,63,12,12,-1,-1,-1,0
151,4,361,52,12,13,-1,-1,-1,0
151,6,369,74,12,13,-1,-1,-1,0
152,2,370,63,12,12,-1,-1,-1,0
152,4,359,53,13,13,-1,-1,-1,0
152,6,368,74,12,13,-1,-1,-1,0
153,2,367,64,12,12,-1,-1,-1,0
153,4,367,56,10,16,-1,-1,-1,0
153,6,368,73,10,15,-1,-1,-1,0
154,2,370,60,10,14,-1,-1,-1,0
154,4,363,49,10,17,-1,-1,-1,0
154,6,368,73,10,15,-1,-1,-1,0
155,2,369,61,13,13,-1,-1,-1,0
155,4,360,49,13,14,-1,-1,-1,0
155,6,367,73,13,14,-1,-1,-1,0
156,2,370,58,10,14,-1,-1,-1,0
156,4,360,46,11,15,-1,-1,-1,0
156,6,367,71,11,15,-1,-1,-1,0
157,2,370,54,8,15,-1,-1,-1,0
157,4,360,42,9,17,-1,-1,-1,0
157,6,367,69,10,16,-1,-1,-1,0
158,2,368,54,11,15,-1,-1,-1,0
158,4,358,42,11,16,-1,-1,-1,0
158,6,365,67,13,17,-1,-1,-1,0
159,2,366,57,13,14,-1,-1,-1,0
159,4,357,46,13,14,-1,-1,-1,0
159,6,364,70,14,14,-1,-1,-1,0
160,2,365,59,12,13,-1,-1,-1,0
160,4,355,47,12,14,-1,-1,-1,0
160,6,362,70,12,14,-1,-1,-1,0
161,2,364,60,12,12,-1,-1,-1,0
161,4,354,48,12,13,-1,-1,-1,0
161,6,361,71,12,13,-1,-1,-1,0
162,2,362,60,13,12,-1,-1,-1,0
162,4,356,46,9,14,-1,-1,-1,0
162,6,362,64,12,11,-1,-1,-1,0
163,2,359,67,12,14,-1,-1,-1,0
163,4,352,46,11,14,-1,-1,-1,0
163,6,360,61,12,11,-1,-1,-1,0
164,2,356,62,13,13,-1,-1,-1,0
164,4,347,47,13,14,-1,-1,-1,0
164,6,356,67,12,13,-1,-1,-1,0
165,2,357,60,11,13,-1,-1,-1,0
165,4,349,44,8,15,-1,-1,-1,0
165,6,358,68,8,13,-1,-1,-1,0
166,2,355,66,9,13,-1,-1,-1,0
166,4,346,44,10,15,-1,-1,-1,0
166,6,354,61,11,14,-1,-1,-1,0
167,2,351,61,12,13,-1,-1,-1,0
167,4,342,45,12,14,-1,-1,-1,0
167,6,350,67,11,13,-1,-1,-1,0
168,2,348,60,13,12,-1,-1,-1,0
168,4,339,47,13,13,-1,-1,-1,0
168,6,346,70,12,13,-1,-1,-1,0
169,2,346,60,12,12,-1,-1,-1,0
169,4,338,46,12,13,-1,-1,-1,0
169,6,345,71,12,13,-1,-1,-1,0
170,2,344,60,12,12,-1,-1,-1,0
170,4,335,46,12,13,-1,-1,-1,0
170,6,343,70,12,13,-1,-1,-1,0
171,2,346,58,9,13,-1,-1,-1,0
171,4,336,42,9,15,-1,-1,-1,0
171,6,344,70,11,14,-1,-1,-1,0
172,2,344,60,12,12,-1,-1,-1,0
172,4,334,45,12,13,-1,-1,-1,0
172,6,343,70,12,13,-1,-1,-1,0
173,2,344,60,12,12,-1,-1,-1,0
173,4,334,45,12,14,-1,-1,-1,0
173,6,343,70,12,13,-1,-1,-1,0
174,2,345,60,12,12,-1,-1,-1,0
174,4,335,45,12,13,-1,-1,-1,0
174,6,344,69,12,13,-1,-1,-1,0
175,2,348,59,12,12,-1,-1,-1,0
175,4,337,45,12,13,-1,-1,-1,0
175,6,346,69,12,13,-1,-1,-1,0
176,2,348,56,12,14,-1,-1,-1,0
176,4,336,39,13,18,-1,-1,-1,0
176,6,349,68,9,15,-1,-1,-1,0
177,2,351,63,11,15,-1,-1,-1,0
177,4,339,38,13,18,-1,-1,-1,0
177,6,352,59,12,15,-1,-1,-1,0
178,2,357,59,13,13,-1,-1,-1,0
178,4,338,37,14,18,-1,-1,-1,0
178,6,355,64,12,14,-1,-1,-1,0
179,2,357,55,13,14,-1,-1,-1,0
179,4,346,38,13,15,-1,-1,-1,0
179,6,360,66,8,13,-1,-1,-1,0
180,2,361,53,14,14,-1,-1,-1,0
180,4,351,37,13,15,-1,-1,-1,0
180,6,365,65,8,14,-1,-1,-1,0
181,2,367,52,13,14,-1,-1,-1,0
181,4,356,36,14,15,-1,-1,-1,0
181,6,371,63,8,15,-1,-1,-1,0
182,2,370,52,12,13,-1,-1,-1,0
182,4,358,37,13,14,-1,-1,-1,0
182,6,370,63,12,14,-1,-1,-1,0
183,2,373,53,12,12,-1,-1,-1,0
183,4,360,38,12,13,-1,-1,-1,0
183,6,370,63,12,14,-1,-1,-1,0
184,2,379,59,12,13,-1,-1,-1,0
184,4,369,37,12,13,-1,-1,-1,0
184,6,379,55,13,13,-1,-1,-1,0
185,2,383,62,10,13,-1,-1,-1,0
185,4,373,34,11,15,-1,-1,-1,0
185,6,381,54,13,13,-1,-1,-1,0
186,2,389,61,12,13,-1,-1,-1,0
186,4,380,32,12,15,-1,-1,-1,0
186,6,392,47,11,14,-1,-1,-1,0
187,2,397,58,12,14,-1,-1,-1,0
187,4,389,32,12,14,-1,-1,-1,0
187,6,399,46,13,13,-1,-1,-1,0
188,2,401,58,12,13,-1,-1,-1,0
188,4,391,31,12,13,-1,-1,-1,0
188,6,403,46,12,12,-1,-1,-1,0
189,2,402,48,12,14,-1,-1,-1,0
189,4,394,29,9,15,-1,-1,-1,0
189,6,403,53,11,12,-1,-1,-1,0
190,2,406,45,12,13,-1,-1,-1,0
190,4,397,29,11,14,-1,-1,-1,0
190,6,406,55,11,12,-1,-1,-1,0
191,2,411,45,13,12,-1,-1,-1,0
191,4,401,29,12,14,-1,-1,-1,0
191,6,410,55,12,13,-1,-1,-1,0
192,2,411,43,14,13,-1,-1,-1,0
192,4,403,25,10,16,-1,-1,-1,0
192,6,414,54,9,15,-1,-1,-1,0
193,2,416,42,12,13,-1,-1,-1,0
193,4,405,23,12,17,-1,-1,-1,0
193,6,417,53,10,15,-1,-1,-1,0
194,2,421,42,13,12,-1,-1,-1,0
194,4,408,25,13,14,-1,-1,-1,0
194,6,420,52,13,14,-1,-1,-1,0
195,2,424,41,10,11,-1,-1,-1,0
195,4,412,24,11,14,-1,-1,-1,0
195,6,425,50,8,13,-1,-1,-1,0
196,2,424,42,12,11,-1,-1,-1,0
196,4,410,25,13,14,-1,-1,-1,0
196,6,422,51,12,13,-1,-1,-1,0
197,2,425,41,12,12,-1,-1,-1,0
197,4,411,25,12,13,-1,-1,-1,0
197,6,423,51,12,13,-1,-1,-1,0
198,2,426,41,12,11,-1,-1,-1,0
198,4,411,25,12,13,-1,-1,-1,0
198,6,423,50,12,13,-1,-1,-1,0
199,2,427,40,12,12,-1,-1,-1,0
199,4,412,24,12,13,-1,-1,-1,0
199,6,424,49,12,13,-1,-1,-1,0
200,2,429,39,12,12,-1,-1,-1,0
200,4,414,24,12,13,-1,-1,-1,0
200,6,426,49,12,13,-1,-1,-1,0
201,2,429,38,12,12,-1,-1,-1,0
201,4,414,24,12,13,-1,-1,-1,0
201,6,426,49,12,13,-1,-1,-1,0
202,2,430,38,12,11,-1,-1,-1,0
202,4,414,24,12,13,-1,-1,-1,0
202,6,426,48,12,13,-1,-1,-1,0
203,2,430,37,12,12,-1,-1,-1,0
203,4,414,24,12,13,-1,-1,-1,0
203,6,426,48,12,13,-1,-1,-1,0
204,2,430,37,12,12,-1,-1,-1,0
204,4,415,23,12,13,-1,-1,-1,0
204,6,427,47,12,13,-1,-1,-1,0
205,2,431,36,12,12,-1,-1,-1,0
205,4,416,22,12,13,-1,-1,-1,0
205,6,428,47,12,13,-1,-1,-1,0
208,2,434,36,12,12,-1,-1,-1,0
208,6,431,46,12,13,-1,-1,-1,0
209,2,436,36,11,12,-1,-1,-1,0
209,4,420,19,11,15,-1,-1,-1,0
209,6,433,45,11,15,-1,-1,-1,0
210,2,437,35,11,12,-1,-1,-1,0
210,4,421,19,11,15,-1,-1,-1,0
210,6,433,44,12,15,-1,-1,-1,0
211,2,438,35,12,12,-1,-1,-1,0
211,4,421,20,13,13,-1,-1,-1,0
211,6,433,44,13,14,-1,-1,-1,0
212,2,439,35,12,12,-1,-1,-1,0
212,4,421,19,12,13,-1,-1,-1,0
212,6,434,45,13,14,-1,-1,-1,0
213,2,440,35,11,12,-1,-1,-1,0
213,4,421,19,12,13,-1,-1,-1,0
213,6,434,45,12,13,-1,-1,-1,0
214,2,440,35,11,13,-1,-1,-1,0
214,4,419,19,13,13,-1,-1,-1,0
214,6,434,44,11,14,-1,-1,-1,0
215,2,436,41,11,13,-1,-1,-1,0
215,4,419,18,12,14,-1,-1,-1,0
215,6,438,37,10,14,-1,-1,-1,0
216,2,434,42,10,14,-1,-1,-1,0
216,4,418,18,13,14,-1,-1,-1,0
216,6,440,35,9,14,-1,-1,-1,0
217,2,439,37,9,15,-1,-1,-1,0
217,4,417,19,13,14,-1,-1,-1,0
217,6,435,40,10,14,-1,-1,-1,0
218,2,439,36,12,14,-1,-1,-1,0
218,4,420,18,10,15,-1,-1,-1,0
218,6,435,41,9,15,-1,-1,-1,0
219,2,433,40,12,15,-1,-1,-1,0
219,4,419,16,11,17,-1,-1,-1,0
219,6,437,36,12,15,-1,-1,-1,0
220,2,434,36,12,15,-1,-1,-1,0
220,4,416,15,11,17,-1,-1,-1,0
220,6,431,42,12,14,-1,-1,-1,0
221,2,432,36,12,14,-1,-1,-1,0
221,4,414,15,10,17,-1,-1,-1,0
221,6,428,45,11,13,-1,-1,-1,0
222,2,430,34,14,15,-1,-1,-1,0
222,4,411,14,12,17,-1,-1,-1,0
222,6,425,46,12,13,-1,-1,-1,0
223,2,428,34,14,15,-1,-1,-1,0
223,4,409,14,12,18,-1,-1,-1,0
223,6,423,46,12,13,-1,-1,-1,0
224,2,427,35,13,15,-1,-1,-1,0
224,4,407,16,11,17,-1,-1,-1,0
224,6,420,46,11,13,-1,-1,-1,0
225,2,419,42,12,15,-1,-1,-1,0
225,4,405,18,10,17,-1,-1,-1,0
225,6,423,41,11,14,-1,-1,-1,0
226,2,420,40,13,14,-1,-1,-1,0
226,4,402,19,11,16,-1,-1,-1,0
226,6,416,45,12,14,-1,-1,-1,0
227,2,420,40,11,14,-1,-1,-1,0
227,4,399,21,11,14,-1,-1,-1,0
227,6,412,47,12,13,-1,-1,-1,0
228,2,419,41,10,13,-1,-1,-1,0
228,4,395,23,13,12,-1,-1,-1,0
228,6,409,48,12,14,-1,-1,-1,0
229,2,416,42,11,12,-1,-1,-1,0
229,4,391,23,12,12,-1,-1,-1,0
229,6,405,48,12,13,-1,-1,-1,0
230,2,412,42,12,12,-1,-1,-1,0
230,4,387,23,11,13,-1,-1,-1,0
230,6,400,48,12,13,-1,-1,-1,0
231,2,411,42,12,12,-1,-1,-1,0
231,4,385,23,12,13,-1,-1,-1,0
231,6,398,48,12,13,-1,-1,-1,0
232,2,412,42,10,12,-1,-1,-1,0
232,4,386,24,12,13,-1,-1,-1,0
232,6,399,48,12,14,-1,-1,-1,0
233,2,411,41,9,12,-1,-1,-1,0
233,4,386,23,11,15,-1,-1,-1,0
233,6,400,48,11,14,-1,-1,-1,0
234,2,400,46,11,13,-1,-1,-1,0
234,4,383,24,11,14,-1,-1,-1,0
234,6,402,44,12,13,-1,-1,-1,0
235,2,399,44,13,12,-1,-1,-1,0
235,4,378,24,12,13,-1,-1,-1,0
235,6,394,47,12,13,-1,-1,-1,0
236,2,385,51,10,12,-1,-1,-1,0
236,4,369,26,10,14,-1,-1,-1,0
236,6,391,47,11,11,-1,-1,-1,0
237,2,381,51,9,14,-1,-1,-1,0
237,4,367,27,9,13,-1,-1,-1,0
237,6,390,44,11,13,-1,-1,-1,0
238,2,376,51,12,14,-1,-1,-1,0
238,4,363,28,12,13,-1,-1,-1,0
238,6,390,44,12,13,-1,-1,-1,0
239,2,385,47,10,13,-1,-1,-1,0
239,4,365,27,10,13,-1,-1,-1,0
239,6,382,48,10,14,-1,-1,-1,0
240,2,375,49,10,14,-1,-1,-1,0
240,4,361,27,9,14,-1,-1,-1,0
240,6,383,47,10,12,-1,-1,-1,0
241,2,367,51,11,14,-1,-1,-1,0
241,4,356,27,8,15,-1,-1,-1,0
241,6,379,47,11,12,-1,-1,-1,0
242,2,363,51,10,15,-1,-1,-1,0
242,4,352,27,8,15,-1,-1,-1,0
242,6,375,47,11,13,-1,-1,-1,0
243,2,358,52,12,15,-1,-1,-1,0
243,4,349,26,9,17,-1,-1,-1,0
243,6,373,47,11,13,-1,-1,-1,0
244,2,355,52,13,15,-1,-1,-1,0
244,4,346,26,9,17,-1,-1,-1,0
244,6,371,47,11,13,-1,-1,-1,0
245,2,363,48,11,15,-1,-1,-1,0
245,4,343,26,11,18,-1,-1,-1,0
245,6,358,51,13,14,-1,-1,-1,0
246,2,360,49,12,14,-1,-1,-1,0
246,4,334,29,13,16,-1,-1,-1,0
246,6,348,53,12,15,-1,-1,-1,0
247,2,335,51,11,13,-1,-1,-1,0
247,4,326,32,13,14,-1,-1,-1,0
247,6,338,55,12,14,-1,-1,-1,0
248,2,345,51,10,13,-1,-1,-1,0
248,4,322,33,12,14,-1,-1,-1,0
248,6,337,58,10,13,-1,-1,-1,0
249,2,345,52,11,13,-1,-1,-1,0
249,4,319,33,11,15,-1,-1,-1,0
249,6,333,59,10,13,-1,-1,-1,0
250,2,333,57,10,12,-1,-1,-1,0
250,4,315,34,11,15,-1,-1,-1,0
250,6,338,56,11,12,-1,-1,-1,0
250,21,317,53,11,12,-1,-1,-1,0
251,2,325,60,11,12,-1,-1,-1,0
251,4,312,35,10,14,-1,-1,-1,0
251,6,337,54,12,14,-1,-1,-1,0
251,21,313,53,11,12,-1,-1,-1,0
252,2,322,61,11,13,-1,-1,-1,0
252,4,308,36,10,14,-1,-1,-1,0
252,6,338,54,11,13,-1,-1,-1,0
252,21,311,55,10,11,-1,-1,-1,0
253,2,318,62,11,13,-1,-1,-1,0
253,4,306,39,12,12,-1,-1,-1,0
253,6,336,54,10,13,-1,-1,-1,0
253,21,307,56,10,11,-1,-1,-1,0
254,2,306,59,11,12,-1,-1,-1,0
254,4,302,40,12,13,-1,-1,-1,0
254,6,331,55,10,13,-1,-1,-1,0
254,21,311,61,11,12,-1,-1,-1,0
255,2,307,63,11,12,-1,-1,-1,0
255,4,297,41,12,14,-1,-1,-1,0
255,6,326,57,11,14,-1,-1,-1,0
255,21,302,60,10,11,-1,-1,-1,0
260,2,279,62,12,12,-1,-1,-1,0
260,4,275,45,13,13,-1,-1,-1,0
260,6,306,59,10,15,-1,-1,-1,0
260,21,287,67,9,11,-1,-1,-1,0
261,2,279,64,8,14,-1,-1,-1,0
261,4,268,45,11,15,-1,-1,-1,0
261,6,299,62,9,13,-1,-1,-1,0
261,21,273,64,9,13,-1,-1,-1,0
262,2,276,67,12,13,-1,-1,-1,0
262,4,266,46,13,14,-1,-1,-1,0
262,6,294,63,12,13,-1,-1,-1,0
262,21,267,62,12,13,-1,-1,-1,0
263,2,288,65,11,12,-1,-1,-1,0
263,4,268,46,8,14,-1,-1,-1,0
263,6,282,66,11,12,-1,-1,-1,0
263,21,266,62,11,12,-1,-1,-1,0
264,2,277,68,12,11,-1,-1,-1,0
264,4,263,47,10,13,-1,-1,-1,0
264,6,286,65,10,11,-1,-1,-1,0
264,21,261,62,12,12,-1,-1,-1,0
265,2,282,66,9,11,-1,-1,-1,0
265,4,258,49,10,12,-1,-1,-1,0
265,6,273,70,11,10,-1,-1,-1,0
265,21,255,63,13,11,-1,-1,-1,0
266,2,279,67,9,11,-1,-1,-1,0
266,4,254,50,10,11,-1,-1,-1,0
266,6,279,67,9,11,-1,-1,-1,0
267,4,250,50,11,13,-1,-1,-1,0
267,6,279,66,10,11,-1,-1,-1,0
267,21,248,65,13,11,-1,-1,-1,0
268,4,247,52,12,13,-1,-1,-1,0
268,6,277,66,12,12,-1,-1,-1,0
268,21,247,65,11,13,-1,-1,-1,0
269,4,246,50,12,14,-1,-1,-1,0
269,6,278,68,10,11,-1,-1,-1,0
269,21,247,66,11,12,-1,-1,-1,0
270,2,276,63,11,14,-1,-1,-1,0
270,4,247,50,12,14,-1,-1,-1,0
270,6,275,69,10,11,-1,-1,-1,0
271,2,276,65,13,13,-1,-1,-1,0
271,4,246,52,12,13,-1,-1,-1,0
271,21,246,65,12,13,-1,-1,-1,0
272,2,277,65,13,13,-1,-1,-1,0
272,4,246,61,12,13,-1,-1,-1,0
272,21,246,57,12,13,-1,-1,-1,0
273,2,276,66,12,12,-1,-1,-1,0
273,4,247,55,12,13,-1,-1,-1,0
273,21,247,61,12,13,-1,-1,-1,0
274,2,281,65,10,12,-1,-1,-1,0
274,4,253,52,11,13,-1,-1,-1,0
274,21,250,63,13,12,-1,-1,-1,0
275,2,282,65,10,12,-1,-1,-1,0
275,4,254,51,12,13,-1,-1,-1,0
275,21,251,62,13,12,-1,-1,-1,0
276,2,288,65,11,12,-1,-1,-1,0
276,4,260,50,12,12,-1,-1,-1,0
276,21,258,61,12,13,-1,-1,-1,0
277,2,297,65,12,12,-1,-1,-1,0
277,4,268,47,12,13,-1,-1,-1,0
277,6,282,67,9,8,-1,-1,-1,0
277,21,266,60,12,13,-1,-1,-1,0
278,2,298,63,12,12,-1,-1,-1,0
278,4,271,46,11,13,-1,-1,-1,0
278,6,282,67,10,8,-1,-1,-1,0
278,21,270,58,12,14,-1,-1,-1,0
279,2,295,60,12,11,-1,-1,-1,0
279,4,280,47,11,11,-1,-1,-1,0
279,6,281,68,10,7,-1,-1,-1,0
279,21,280,55,10,13,-1,-1,-1,0
280,2,307,60,11,12,-1,-1,-1,0
280,4,283,45,12,12,-1,-1,-1,0
280,21,282,55,12,13,-1,-1,-1,0
281,2,311,60,12,12,-1,-1,-1,0
281,4,284,44,12,12,-1,-1,-1,0
281,21,283,55,12,14,-1,-1,-1,0
282,2,301,58,10,12,-1,-1,-1,0
282,4,285,44,11,12,-1,-1,-1,0
282,21,284,55,11,13,-1,-1,-1,0
283,2,310,57,10,13,-1,-1,-1,0
283,4,286,51,10,12,-1,-1,-1,0
283,21,285,48,12,12,-1,-1,-1,0
284,2,315,56,10,14,-1,-1,-1,0
284,4,288,53,10,13,-1,-1,-1,0
284,6,296,58,10,11,-1,-1,-1,0
284,21,288,45,11,12,-1,-1,-1,0
285,2,318,57,11,14,-1,-1,-1,0
285,4,291,49,10,12,-1,-1,-1,0
285,6,300,58,9,10,-1,-1,-1,0
285,21,291,52,10,11,-1,-1,-1,0
286,2,322,58,10,12,-1,-1,-1,0
286,4,293,49,10,12,-1,-1,-1,0
287,2,325,58,10,12,-1,-1,-1,0
287,6,305,56,8,11,-1,-1,-1,0
288,2,329,58,9,12,-1,-1,-1,0
288,6,306,55,10,11,-1,-1,-1,0
289,2,313,56,12,13,-1,-1,-1,0
289,6,319,58,12,12,-1,-1,-1,0
290,2,308,55,12,14,-1,-1,-1,0
290,6,324,59,12,12,-1,-1,-1,0
291,2,305,54,13,13,-1,-1,-1,0
291,6,325,61,12,12,-1,-1,-1,0
292,2,320,55,9,13,-1,-1,-1,0
292,6,312,56,11,13,-1,-1,-1,0
293,2,326,58,9,12,-1,-1,-1,0
293,6,306,54,11,15,-1,-1,-1,0
294,2,327,58,8,14,-1,-1,-1,0
294,6,304,54,11,15,-1,-1,-1,0
295,2,312,64,13,13,-1,-1,-1,0
295,6,318,56,9,16,-1,-1,-1,0
295,21,301,55,11,14,-1,-1,-1,0
296,2,319,60,10,15,-1,-1,-1,0
296,6,305,56,12,14,-1,-1,-1,0
296,21,302,64,14,13,-1,-1,-1,0
297,2,320,59,10,14,-1,-1,-1,0
297,6,298,55,12,15,-1,-1,-1,0
297,21,302,67,13,14,-1,-1,-1,0
298,2,318,59,11,14,-1,-1,-1,0
298,6,294,55,12,15,-1,-1,-1,0
298,21,301,70,13,13,-1,-1,-1,0
299,2,321,62,7,13,-1,-1,-1,0
299,6,291,56,14,13,-1,-1,-1,0
299,21,304,72,9,12,-1,-1,-1,0
300,2,316,62,10,13,-1,-1,-1,0
300,6,288,56,12,13,-1,-1,-1,0
300,21,302,73,9,12,-1,-1,-1,0
301,2,310,62,12,13,-1,-1,-1,0
301,6,284,56,12,14,-1,-1,-1,0
301,21,300,75,9,13,-1,-1,-1,0
302,2,294,60,9,13,-1,-1,-1,0
302,6,301,60,9,14,-1,-1,-1,0
302,21,297,75,11,14,-1,-1,-1,0
303,2,303,63,11,12,-1,-1,-1,0
303,6,290,58,12,14,-1,-1,-1,0
303,21,295,75,13,13,-1,-1,-1,0
304,2,294,74,12,12,-1,-1,-1,0
304,6,289,58,12,15,-1,-1,-1,0
305,2,293,77,9,13,-1,-1,-1,0
305,21,279,62,10,13,-1,-1,-1,0
306,2,288,79,10,14,-1,-1,-1,0
306,21,272,62,11,13,-1,-1,-1,0
307,2,283,81,10,15,-1,-1,-1,0
307,21,266,62,11,14,-1,-1,-1,0
308,2,279,84,13,13,-1,-1,-1,0
308,21,262,62,13,14,-1,-1,-1,0
309,2,278,84,12,13,-1,-1,-1,0
309,21,261,62,13,14,-1,-1,-1,0
310,2,273,88,13,12,-1,-1,-1,0
310,21,257,64,12,14,-1,-1,-1,0
311,2,273,87,12,13,-1,-1,-1,0
311,21,255,65,11,14,-1,-1,-1,0
312,2,273,90,11,12,-1,-1,-1,0
312,21,255,66,11,13,-1,-1,-1,0
313,2,271,92,11,12,-1,-1,-1,0
313,21,252,68,11,13,-1,-1,-1,0
314,2,268,92,11,13,-1,-1,-1,0
314,21,249,71,11,13,-1,-1,-1,0
315,2,265,94,11,13,-1,-1,-1,0
315,21,245,73,12,12,-1,-1,-1,0
316,2,262,96,11,13,-1,-1,-1,0
316,21,243,74,10,12,-1,-1,-1,0
317,2,259,98,11,13,-1,-1,-1,0
317,21,240,76,9,11,-1,-1,-1,0
318,2,256,100,11,13,-1,-1,-1,0
318,21,238,77,8,11,-1,-1,-1,0
319,2,251,102,13,12,-1,-1,-1,0
319,21,234,77,8,12,-1,-1,-1,0
320,2,247,103,12,12,-1,-1,-1,0
320,21,229,77,10,12,-1,-1,-1,0
321,2,243,104,12,12,-1,-1,-1,0
321,21,225,76,11,14,-1,-1,-1,0
322,2,243,103,11,13,-1,-1,-1,0
322,21,224,78,11,12,-1,-1,-1,0
323,2,243,103,12,12,-1,-1,-1,0
323,21,223,77,12,13,-1,-1,-1,0
324,2,239,104,12,12,-1,-1,-1,0
324,21,221,80,10,12,-1,-1,-1,0
325,2,235,105,11,13,-1,-1,-1,0
325,21,217,83,9,11,-1,-1,-1,0
326,2,231,106,12,14,-1,-1,-1,0
326,21,213,84,9,11,-1,-1,-1,0
327,2,228,109,12,13,-1,-1,-1,0
327,21,210,84,9,12,-1,-1,-1,0
328,2,224,112,13,13,-1,-1,-1,0
328,6,235,101,12,10,-1,-1,-1,0
328,21,206,84,11,13,-1,-1,-1,0
329,2,223,113,13,12,-1,-1,-1,0
329,6,235,103,11,9,-1,-1,-1,0
329,21,205,84,12,14,-1,-1,-1,0
330,2,221,115,12,12,-1,-1,-1,0
330,6,233,106,11,9,-1,-1,-1,0
330,21,203,85,12,14,-1,-1,-1,0
331,2,217,118,12,12,-1,-1,-1,0
331,6,231,108,10,10,-1,-1,-1,0
331,21,201,87,12,14,-1,-1,-1,0
332,2,216,119,12,12,-1,-1,-1,0
332,6,230,108,10,10,-1,-1,-1,0
332,21,200,87,12,14,-1,-1,-1,0
333,2,216,119,12,12,-1,-1,-1,0
333,6,230,107,10,11,-1,-1,-1,0
333,21,199,88,12,14,-1,-1,-1,0
334,2,212,122,12,12,-1,-1,-1,0
334,6,222,111,12,11,-1,-1,-1,0
334,21,192,92,15,12,-1,-1,-1,0
335,2,212,119,9,14,-1,-1,-1,0
335,6,221,111,10,11,-1,-1,-1,0
335,21,193,93,9,12,-1,-1,-1,0
336,2,213,114,11,14,-1,-1,-1,0
336,6,210,119,10,13,-1,-1,-1,0
336,21,188,95,10,12,-1,-1,-1,0
337,2,202,124,13,12,-1,-1,-1,0
337,6,208,116,11,14,-1,-1,-1,0
337,21,183,98,11,13,-1,-1,-1,0
338,2,199,127,12,13,-1,-1,-1,0
338,6,207,116,12,12,-1,-1,-1,0
338,21,180,99,12,14,-1,-1,-1,0
339,2,198,128,12,12,-1,-1,-1,0
339,6,208,117,11,11,-1,-1,-1,0
339,21,180,98,10,14,-1,-1,-1,0
340,2,192,132,12,12,-1,-1,-1,0
340,6,203,119,11,13,-1,-1,-1,0
341,2,190,134,12,12,-1,-1,-1,0
341,6,201,120,12,14,-1,-1,-1,0
342,2,190,133,11,14,-1,-1,-1,0
342,6,201,121,11,14,-1,-1,-1,0
343,2,190,131,11,16,-1,-1,-1,0
343,6,201,122,10,13,-1,-1,-1,0
344,2,191,130,10,18,-1,-1,-1,0
344,6,203,124,8,13,-1,-1,-1,0
345,2,189,131,10,19,-1,-1,-1,0
345,6,201,124,12,13,-1,-1,-1,0
346,6,201,126,13,13,-1,-1,-1,0
346,21,190,138,11,13,-1,-1,-1,0
347,6,205,127,12,12,-1,-1,-1,0
347,21,193,139,12,14,-1,-1,-1,0
348,6,209,128,13,11,-1,-1,-1,0
348,21,193,142,12,14,-1,-1,-1,0
349,6,208,136,11,12,-1,-1,-1,0
349,21,214,132,13,12,-1,-1,-1,0
350,6,222,130,12,14,-1,-1,-1,0
350,21,214,138,13,12,-1,-1,-1,0
351,6,227,128,12,14,-1,-1,-1,0
351,21,215,140,12,12,-1,-1,-1,0
352,6,229,127,12,14,-1,-1,-1,0
352,21,215,141,12,11,-1,-1,-1,0
353,6,229,129,11,13,-1,-1,-1,0
353,21,215,141,12,12,-1,-1,-1,0
354,6,232,128,12,14,-1,-1,-1,0
354,21,219,140,12,12,-1,-1,-1,0
355,6,238,127,12,14,-1,-1,-1,0
355,21,225,139,12,12,-1,-1,-1,0
356,6,240,126,12,14,-1,-1,-1,0
356,21,227,141,12,11,-1,-1,-1,0
357,6,244,131,13,14,-1,-1,-1,0
357,21,253,134,8,11,-1,-1,-1,0
358,6,257,128,11,14,-1,-1,-1,0
358,21,248,137,14,11,-1,-1,-1,0
359,6,262,128,13,12,-1,-1,-1,0
359,21,249,138,12,12,-1,-1,-1,0
360,6,268,127,11,13,-1,-1,-1,0
360,21,253,139,12,12,-1,-1,-1,0
361,6,265,135,12,12,-1,-1,-1,0
361,21,268,132,12,13,-1,-1,-1,0
362,6,264,138,12,12,-1,-1,-1,0
362,21,274,129,12,14,-1,-1,-1,0
363,2,259,135,13,18,-1,-1,-1,0
363,6,266,139,13,12,-1,-1,-1,0
364,2,278,131,12,15,-1,-1,-1,0
364,6,266,115,8,13,-1,-1,-1,0
364,21,277,136,12,12,-1,-1,-1,0
365,2,289,129,9,12,-1,-1,-1,0
365,6,266,111,9,12,-1,-1,-1,0
365,21,277,138,12,13,-1,-1,-1,0
366,2,295,128,10,12,-1,-1,-1,0
366,6,277,129,11,13,-1,-1,-1,0
366,21,275,119,10,13,-1,-1,-1,0
367,2,286,113,11,13,-1,-1,-1,0
367,6,287,134,10,14,-1,-1,-1,0
367,21,293,125,11,12,-1,-1,-1,0
368,2,288,132,12,12,-1,-1,-1,0
368,6,278,117,14,15,-1,-1,-1,0
368,21,304,127,8,14,-1,-1,-1,0
369,2,290,138,12,12,-1,-1,-1,0
369,6,277,110,13,13,-1,-1,-1,0
369,21,305,130,13,14,-1,-1,-1,0
370,2,304,133,10,12,-1,-1,-1,0
370,6,282,110,12,12,-1,-1,-1,0
370,21,299,137,12,13,-1,-1,-1,0
371,2,298,140,12,12,-1,-1,-1,0
371,6,282,108,14,14,-1,-1,-1,0
371,21,307,134,11,13,-1,-1,-1,0
372,2,308,135,10,12,-1,-1,-1,0
372,6,285,111,13,12,-1,-1,-1,0
372,21,301,138,10,13,-1,-1,-1,0
373,2,311,131,9,14,-1,-1,-1,0
373,6,286,111,12,12,-1,-1,-1,0
373,21,296,141,12,13,-1,-1,-1,0
374,2,295,118,12,13,-1,-1,-1,0
374,6,304,127,9,11,-1,-1,-1,0
374,21,296,144,12,12,-1,-1,-1,0
375,2,289,113,13,12,-1,-1,-1,0
375,6,309,132,9,12,-1,-1,-1,0
375,21,296,145,12,12,-1,-1,-1,0
376,2,288,112,12,14,-1,-1,-1,0
376,6,311,132,9,14,-1,-1,-1,0
376,21,297,144,11,13,-1,-1,-1,0
377,2,286,114,12,13,-1,-1,-1,0
377,6,301,141,12,15,-1,-1,-1,0
377,21,306,138,9,15,-1,-1,-1,0
378,2,285,117,11,13,-1,-1,-1,0
378,6,307,141,10,14,-1,-1,-1,0
378,21,299,145,10,15,-1,-1,-1,0
379,2,284,120,12,12,-1,-1,-1,0
379,6,308,142,10,14,-1,-1,-1,0
379,21,295,149,11,14,-1,-1,-1,0
380,2,298,136,10,12,-1,-1,-1,0
380,6,292,131,13,13,-1,-1,-1,0
380,21,291,152,13,13,-1,-1,-1,0
381,2,290,126,10,15,-1,-1,-1,0
381,6,301,139,10,14,-1,-1,-1,0
381,21,289,150,13,14,-1,-1,-1,0
382,2,285,123,12,14,-1,-1,-1,0
382,6,304,140,10,15,-1,-1,-1,0
382,21,288,150,14,15,-1,-1,-1,0
383,2,283,121,12,18,-1,-1,-1,0
383,6,302,142,14,16,-1,-1,-1,0
383,21,288,149,13,16,-1,-1,-1,0
384,2,280,123,13,17,-1,-1,-1,0
384,6,292,149,13,16,-1,-1,-1,0
384,21,297,147,11,15,-1,-1,-1,0
385,2,295,139,8,15,-1,-1,-1,0
385,6,286,154,14,16,-1,-1,-1,0
385,21,284,136,13,13,-1,-1,-1,0
386,2,295,148,11,14,-1,-1,-1,0
386,6,281,159,14,14,-1,-1,-1,0
386,21,276,134,12,12,-1,-1,-1,0
387,2,281,160,13,13,-1,-1,-1,0
387,6,287,158,12,14,-1,-1,-1,0
387,21,270,136,12,12,-1,-1,-1,0
388,2,277,165,12,12,-1,-1,-1,0
388,6,288,158,13,13,-1,-1,-1,0
388,21,268,137,12,12,-1,-1,-1,0
389,2,276,165,11,14,-1,-1,-1,0
389,6,288,156,14,15,-1,-1,-1,0
389,21,266,133,12,16,-1,-1,-1,0
390,2,282,162,12,14,-1,-1,-1,0
390,6,278,162,11,15,-1,-1,-1,0
390,21,264,134,12,17,-1,-1,-1,0
391,2,283,164,11,14,-1,-1,-1,0
391,6,271,165,11,17,-1,-1,-1,0
391,21,261,136,13,19,-1,-1,-1,0
392,2,273,170,12,12,-1,-1,-1,0
392,6,268,168,12,16,-1,-1,-1,0
392,21,259,142,15,14,-1,-1,-1,0
393,2,277,170,10,13,-1,-1,-1,0
393,6,263,177,13,13,-1,-1,-1,0
393,21,258,148,13,12,-1,-1,-1,0
394,2,277,173,10,12,-1,-1,-1,0
394,6,262,180,12,12,-1,-1,-1,0
394,21,258,150,12,12,-1,-1,-1,0
395,2,276,171,10,13,-1,-1,-1,0
395,6,259,162,9,14,-1,-1,-1,0
395,21,261,168,11,13,-1,-1,-1,0
396,2,273,174,11,12,-1,-1,-1,0
396,6,254,158,10,14,-1,-1,-1,0
396,21,259,177,11,14,-1,-1,-1,0
397,2,270,180,11,10,-1,-1,-1,0
397,6,250,159,9,14,-1,-1,-1,0
397,21,255,183,12,14,-1,-1,-1,0
398,2,254,168,12,12,-1,-1,-1,0
398,6,250,178,13,13,-1,-1,-1,0
398,21,264,180,10,13,-1,-1,-1,0
399,2,251,169,12,12,-1,-1,-1,0
399,6,247,165,11,14,-1,-1,-1,0
399,21,268,178,9,14,-1,-1,-1,0
400,2,244,162,11,14,-1,-1,-1,0
400,6,250,179,10,14,-1,-1,-1,0
400,21,266,180,10,14,-1,-1,-1,0
401,2,256,178,10,13,-1,-1,-1,0
401,6,249,187,9,13,-1,-1,-1,0
401,21,249,170,11,14,-1,-1,-1,0
402,2,259,184,11,12,-1,-1,-1,0
402,6,246,191,11,13,-1,-1,-1,0
402,21,244,167,10,15,-1,-1,-1,0
403,2,244,174,11,13,-1,-1,-1,0
403,6,243,194,12,13,-1,-1,-1,0
403,21,253,181,10,13,-1,-1,-1,0
404,2,252,185,9,13,-1,-1,-1,0
404,6,240,198,12,12,-1,-1,-1,0
404,21,239,175,12,12,-1,-1,-1,0
405,2,254,191,9,12,-1,-1,-1,0
405,6,241,199,10,12,-1,-1,-1,0
405,21,233,172,12,13,-1,-1,-1,0
406,2,252,193,13,11,-1,-1,-1,0
406,6,236,181,10,13,-1,-1,-1,0
406,21,236,188,13,15,-1,-1,-1,0
407,2,238,181,10,12,-1,-1,-1,0
407,6,235,194,13,13,-1,-1,-1,0
407,21,244,193,13,12,-1,-1,-1,0
408,2,235,197,11,12,-1,-1,-1,0
408,6,243,197,11,12,-1,-1,-1,0
408,21,232,184,11,12,-1,-1,-1,0
409,2,232,204,12,13,-1,-1,-1,0
409,6,243,200,10,11,-1,-1,-1,0
409,21,224,183,12,12,-1,-1,-1,0
410,2,237,205,10,11,-1,-1,-1,0
410,6,234,208,11,12,-1,-1,-1,0
410,21,219,185,12,12,-1,-1,-1,0
411,2,238,205,10,12,-1,-1,-1,0
411,6,228,211,13,13,-1,-1,-1,0
411,21,216,186,12,12,-1,-1,-1,0
412,2,241,206,9,12,-1,-1,-1,0
412,6,220,196,12,12,-1,-1,-1,0
412,21,224,203,12,12,-1,-1,-1,0
413,2,240,206,10,12,-1,-1,-1,0
413,6,223,207,12,13,-1,-1,-1,0
413,21,222,206,13,12,-1,-1,-1,0
414,2,237,210,10,14,-1,-1,-1,0
414,6,214,200,13,13,-1,-1,-1,0
414,21,222,217,12,12,-1,-1,-1,0
415,2,216,199,14,15,-1,-1,-1,0
415,6,225,209,13,14,-1,-1,-1,0
415,21,220,219,13,14,-1,-1,-1,0
416,2,215,216,15,14,-1,-1,-1,0
416,6,228,215,12,13,-1,-1,-1,0
416,21,210,206,14,15,-1,-1,-1,0
417,2,207,208,13,15,-1,-1,-1,0
417,6,227,220,11,13,-1,-1,-1,0
417,21,212,222,14,14,-1,-1,-1,0
418,2,202,203,14,16,-1,-1,-1,0
418,6,225,219,13,14,-1,-1,-1,0
418,21,212,226,15,14,-1,-1,-1,0
419,2,200,199,15,18,-1,-1,-1,0
419,6,218,223,12,16,-1,-1,-1,0
419,21,222,223,11,14,-1,-1,-1,0
420,2,196,202,15,17,-1,-1,-1,0
420,6,212,229,13,15,-1,-1,-1,0
420,21,222,224,11,14,-1,-1,-1,0
421,2,192,207,15,16,-1,-1,-1,0
421,6,206,235,15,13,-1,-1,-1,0
421,21,219,226,11,15,-1,-1,-1,0
423,2,188,213,15,15,-1,-1,-1,0
423,6,203,240,14,14,-1,-1,-1,0
423,21,215,231,12,15,-1,-1,-1,0
427,2,194,241,13,15,-1,-1,-1,0
427,6,205,244,13,15,-1,-1,-1,0
427,21,192,231,16,14,-1,-1,-1,0
428,2,187,233,12,16,-1,-1,-1,0
428,6,202,251,11,15,-1,-1,-1,0
428,21,203,243,12,13,-1,-1,-1,0
429,2,193,249,12,16,-1,-1,-1,0
429,6,204,251,12,15,-1,-1,-1,0
429,21,188,237,12,14,-1,-1,-1,0
430,2,182,242,14,15,-1,-1,-1,0
430,6,203,252,13,15,-1,-1,-1,0
430,21,191,253,13,14,-1,-1,-1,0
431,2,194,251,14,15,-1,-1,-1,0
431,6,185,246,13,13,-1,-1,-1,0
431,21,191,262,13,12,-1,-1,-1,0
432,2,180,248,13,13,-1,-1,-1,0
432,6,194,254,12,14,-1,-1,-1,0
432,21,190,267,12,12,-1,-1,-1,0
433,2,173,247,12,13,-1,-1,-1,0
433,6,196,261,11,12,-1,-1,-1,0
433,21,188,271,12,12,-1,-1,-1,0
434,2,181,266,12,12,-1,-1,-1,0
434,6,196,266,10,11,-1,-1,-1,0
434,21,174,257,12,12,-1,-1,-1,0
435,2,184,272,12,12,-1,-1,-1,0
435,6,177,257,12,11,-1,-1,-1,0
435,21,188,264,10,11,-1,-1,-1,0
436,2,173,259,12,12,-1,-1,-1,0
436,6,182,267,12,12,-1,-1,-1,0
436,21,193,266,9,12,-1,-1,-1,0
437,2,166,257,12,12,-1,-1,-1,0
437,6,188,269,10,13,-1,-1,-1,0
437,21,184,274,13,13,-1,-1,-1,0
438,2,159,259,14,13,-1,-1,-1,0
438,6,179,279,14,13,-1,-1,-1,0
438,21,186,275,11,13,-1,-1,-1,0
439,2,169,282,13,13,-1,-1,-1,0
439,6,182,282,12,14,-1,-1,-1,0
439,21,164,273,13,12,-1,-1,-1,0
440,2,173,291,12,13,-1,-1,-1,0
440,6,184,283,10,14,-1,-1,-1,0
440,21,156,271,13,12,-1,-1,-1,0
441,2,175,294,12,13,-1,-1,-1,0
441,6,184,285,11,13,-1,-1,-1,0
441,21,155,271,12,12,-1,-1,-1,0
442,2,176,294,12,13,-1,-1,-1,0
442,6,185,286,10,12,-1,-1,-1,0
442,21,154,271,12,12,-1,-1,-1,0
443,2,182,290,10,12,-1,-1,-1,0
443,6,179,290,12,13,-1,-1,-1,0
443,21,155,270,12,12,-1,-1,-1,0
444,2,163,279,12,13,-1,-1,-1,0
444,6,181,290,10,12,-1,-1,-1,0
444,21,167,288,13,12,-1,-1,-1,0
445,2,154,278,12,14,-1,-1,-1,0
445,6,179,294,11,11,-1,-1,-1,0
445,21,170,298,14,11,-1,-1,-1,0
446,2,148,281,13,14,-1,-1,-1,0
446,6,172,304,15,10,-1,-1,-1,0
446,21,174,300,12,11,-1,-1,-1,0
447,2,145,285,13,15,-1,-1,-1,0
447,6,173,305,12,11,-1,-1,-1,0
447,21,170,311,15,9,-1,-1,-1,0
448,2,145,289,13,13,-1,-1,-1,0
448,6,175,305,11,11,-1,-1,-1,0
448,21,173,314,11,9,-1,-1,-1,0
449,2,144,292,13,13,-1,-1,-1,0
449,6,173,307,12,11,-1,-1,-1,0
450,2,141,294,13,13,-1,-1,-1,0
450,6,172,310,13,10,-1,-1,-1,0
451,2,138,295,15,15,-1,-1,-1,0
451,6,171,314,13,10,-1,-1,-1,0
452,2,137,298,14,14,-1,-1,-1,0
453,2,136,301,14,14,-1,-1,-1,0
454,2,135,305,14,13,-1,-1,-1,0
455,2,135,309,13,12,-1,-1,-1,0
489,32,205,299,13,16,-1,-1,-1,0
489,33,155,286,13,18,-1,-1,-1,0
490,32,206,292,12,17,-1,-1,-1,0
490,33,155,282,13,15,-1,-1,-1,0
491,32,207,287,12,17,-1,-1,-1,0
491,33,157,278,11,13,-1,-1,-1,0
492,32,208,285,12,17,-1,-1,-1,0
492,33,155,276,14,14,-1,-1,-1,0
493,32,210,280,12,18,-1,-1,-1,0
493,33,158,271,12,14,-1,-1,-1,0
494,32,213,275,12,18,-1,-1,-1,0
494,33,161,265,11,16,-1,-1,-1,0
495,32,214,274,13,17,-1,-1,-1,0
495,33,159,263,14,14,-1,-1,-1,0
496,32,215,274,12,17,-1,-1,-1,0
496,33,160,260,12,17,-1,-1,-1,0
496,38,197,266,10,11,-1,-1,-1,0
501,32,216,255,13,18,-1,-1,-1,0
501,38,196,241,10,13,-1,-1,-1,0
502,32,217,249,12,18,-1,-1,-1,0
502,33,160,241,11,18,-1,-1,-1,0
502,38,197,237,10,12,-1,-1,-1,0
503,32,217,247,12,18,-1,-1,-1,0
503,33,161,242,11,15,-1,-1,-1,0
503,38,197,236,11,11,-1,-1,-1,0
504,32,217,247,12,17,-1,-1,-1,0
504,33,158,242,15,14,-1,-1,-1,0
504,38,197,236,11,12,-1,-1,-1,0
505,32,217,247,12,17,-1,-1,-1,0
505,33,156,242,15,13,-1,-1,-1,0
505,38,198,237,10,11,-1,-1,-1,0
506,32,217,247,12,17,-1,-1,-1,0
506,33,161,243,11,13,-1,-1,-1,0
506,38,198,237,10,11,-1,-1,-1,0
507,32,218,249,12,17,-1,-1,-1,0
507,33,161,245,11,13,-1,-1,-1,0
507,38,198,239,10,11,-1,-1,-1,0
508,32,218,247,12,17,-1,-1,-1,0
508,33,160,249,12,13,-1,-1,-1,0
508,38,198,241,10,11,-1,-1,-1,0
509,32,220,257,12,17,-1,-1,-1,0
509,33,159,253,13,13,-1,-1,-1,0
509,38,198,243,10,11,-1,-1,-1,0
510,32,220,261,13,16,-1,-1,-1,0
510,33,159,256,13,13,-1,-1,-1,0
510,38,198,244,11,12,-1,-1,-1,0
511,32,220,265,14,15,-1,-1,-1,0
511,33,160,259,12,14,-1,-1,-1,0
511,38,198,245,11,13,-1,-1,-1,0
512,32,220,269,15,13,-1,-1,-1,0
512,33,162,262,11,14,-1,-1,-1,0
512,38,198,247,12,13,-1,-1,-1,0
513,32,207,256,12,13,-1,-1,-1,0
513,33,159,263,13,14,-1,-1,-1,0
513,38,214,263,14,12,-1,-1,-1,0
518,32,221,281,13,14,-1,-1,-1,0
518,33,161,282,15,12,-1,-1,-1,0
518,38,211,268,11,12,-1,-1,-1,0
519,32,226,290,14,13,-1,-1,-1,0
519,33,164,286,12,13,-1,-1,-1,0
519,38,206,267,12,14,-1,-1,-1,0
520,32,213,278,12,13,-1,-1,-1,0
520,33,164,289,12,14,-1,-1,-1,0
520,38,207,269,12,14,-1,-1,-1,0
521,32,209,275,11,13,-1,-1,-1,0
521,33,162,291,14,16,-1,-1,-1,0
522,32,209,277,10,11,-1,-1,-1,0
522,33,161,295,15,16,-1,-1,-1,0
522,41,231,298,12,16,-1,-1,-1,0
523,32,207,275,12,13,-1,-1,-1,0
523,33,162,298,15,15,-1,-1,-1,0
523,41,233,301,12,15,-1,-1,-1,0
524,32,209,278,11,12,-1,-1,-1,0
524,33,165,303,12,13,-1,-1,-1,0
524,41,234,303,12,14,-1,-1,-1,0
524,42,182,124,8,12,-1,-1,-1,0
524,43,186,122,13,14,-1,-1,-1,0
525,32,212,284,11,11,-1,-1,-1,0
525,33,167,308,11,13,-1,-1,-1,0
525,41,235,306,12,14,-1,-1,-1,0
525,42,180,127,10,11,-1,-1,-1,0
525,43,185,124,15,15,-1,-1,-1,0
526,32,214,287,10,11,-1,-1,-1,0
526,33,168,312,11,12,-1,-1,-1,0
526,41,236,309,13,13,-1,-1,-1,0
526,42,178,129,10,12,-1,-1,-1,0
527,32,215,290,10,11,-1,-1,-1,0
527,41,238,313,13,10,-1,-1,-1,0
527,42,177,131,10,13,-1,-1,-1,0
527,43,183,129,15,15,-1,-1,-1,0
528,32,216,293,10,10,-1,-1,-1,0
528,41,240,318,13,6,-1,-1,-1,0
528,42,174,133,11,13,-1,-1,-1,0
528,43,182,131,15,15,-1,-1,-1,0
529,32,217,295,10,11,-1,-1,-1,0
529,41,242,322,13,4,-1,-1,-1,0
529,42,173,134,11,15,-1,-1,-1,0
529,43,181,133,15,16,-1,-1,-1,0
530,32,218,298,10,11,-1,-1,-1,0
530,41,247,326,5,1,-1,-1,-1,0
530,42,172,137,11,15,-1,-1,-1,0
531,32,219,302,10,11,-1,-1,-1,0
531,42,172,139,11,16,-1,-1,-1,0
531,43,180,139,15,16,-1,-1,-1,0
532,32,219,303,11,12,-1,-1,-1,0
532,42,173,142,10,13,-1,-1,-1,0
532,43,182,142,12,14,-1,-1,-1,0
533,32,220,305,10,12,-1,-1,-1,0
533,33,216,303,12,15,-1,-1,-1,0
533,42,179,142,5,13,-1,-1,-1,0
534,32,220,306,10,11,-1,-1,-1,0
534,33,220,304,12,15,-1,-1,-1,0
534,38,175,140,9,17,-1,-1,-1,0
535,32,222,308,9,11,-1,-1,-1,0
535,38,172,142,11,14,-1,-1,-1,0
535,43,179,140,16,17,-1,-1,-1,0
536,32,225,312,9,10,-1,-1,-1,0
536,38,170,136,11,14,-1,-1,-1,0
536,42,172,150,12,10,-1,-1,-1,0
537,32,228,313,9,10,-1,-1,-1,0
537,42,172,151,11,9,-1,-1,-1,0
537,43,179,144,16,16,-1,-1,-1,0
538,32,230,314,11,10,-1,-1,-1,0
538,42,172,150,10,10,-1,-1,-1,0
538,43,178,144,16,16,-1,-1,-1,0
539,32,232,312,9,10,-1,-1,-1,0
539,42,171,147,10,10,-1,-1,-1,0
539,43,178,142,14,16,-1,-1,-1,0
540,32,233,310,9,11,-1,-1,-1,0
540,42,170,143,10,11,-1,-1,-1,0
540,43,177,139,14,16,-1,-1,-1,0
541,32,233,307,10,11,-1,-1,-1,0
541,42,169,138,9,13,-1,-1,-1,0
541,43,176,134,13,17,-1,-1,-1,0
542,32,233,304,11,12,-1,-1,-1,0
542,42,168,134,9,14,-1,-1,-1,0
542,43,175,130,13,18,-1,-1,-1,0
543,32,235,303,11,12,-1,-1,-1,0
543,42,168,134,10,13,-1,-1,-1,0
543,43,174,131,16,16,-1,-1,-1,0
544,32,236,303,10,11,-1,-1,-1,0
544,42,167,133,11,12,-1,-1,-1,0
544,43,174,132,16,15,-1,-1,-1,0
545,32,237,297,10,11,-1,-1,-1,0
545,42,166,125,10,12,-1,-1,-1,0
545,43,173,125,15,15,-1,-1,-1,0
546,32,238,289,10,11,-1,-1,-1,0
546,42,165,116,10,11,-1,-1,-1,0
546,43,172,116,15,15,-1,-1,-1,0
547,32,239,280,10,11,-1,-1,-1,0
547,42,162,106,12,10,-1,-1,-1,0
547,43,171,106,15,15,-1,-1,-1,0
548,32,241,270,10,11,-1,-1,-1,0
548,33,187,302,15,16,-1,-1,-1,0
548,42,161,95,11,11,-1,-1,-1,0
548,43,169,95,15,15,-1,-1,-1,0
549,32,242,267,10,11,-1,-1,-1,0
549,33,185,301,17,17,-1,-1,-1,0
549,38,159,85,12,19,-1,-1,-1,0
549,42,160,91,12,10,-1,-1,-1,0
549,43,169,90,15,15,-1,-1,-1,0
550,32,243,261,9,12,-1,-1,-1,0
550,33,186,298,16,18,-1,-1,-1,0
550,38,160,81,10,18,-1,-1,-1,0
550,43,168,84,15,16,-1,-1,-1,0
550,44,267,279,15,18,-1,-1,-1,0
551,32,244,254,9,13,-1,-1,-1,0
551,33,187,295,15,18,-1,-1,-1,0
551,38,161,77,8,16,-1,-1,-1,0
551,43,167,79,14,16,-1,-1,-1,0
551,44,265,273,18,19,-1,-1,-1,0
552,32,245,247,9,15,-1,-1,-1,0
552,33,188,292,15,18,-1,-1,-1,0
552,38,163,74,6,14,-1,-1,-1,0
552,43,164,73,16,17,-1,-1,-1,0
552,44,263,268,20,18,-1,-1,-1,0
553,32,244,248,12,12,-1,-1,-1,0
553,33,190,289,13,18,-1,-1,-1,0
553,38,156,74,13,12,-1,-1,-1,0
553,43,165,72,16,16,-1,-1,-1,0
553,44,269,269,13,18,-1,-1,-1,0
554,32,244,240,12,14,-1,-1,-1,0
554,33,193,284,12,18,-1,-1,-1,0
554,38,156,67,10,13,-1,-1,-1,0
554,43,164,66,14,16,-1,-1,-1,0
554,44,270,262,14,18,-1,-1,-1,0
555,32,244,231,13,15,-1,-1,-1,0
555,33,195,278,12,19,-1,-1,-1,0
555,38,155,59,9,14,-1,-1,-1,0
555,43,162,57,13,16,-1,-1,-1,0
555,44,271,254,16,18,-1,-1,-1,0
556,32,265,245,12,17,-1,-1,-1,0
556,33,192,276,16,18,-1,-1,-1,0
556,38,153,55,11,17,-1,-1,-1,0
556,43,160,56,16,16,-1,-1,-1,0
556,44,271,249,17,18,-1,-1,-1,0
557,32,273,250,12,17,-1,-1,-1,0
557,33,194,275,14,18,-1,-1,-1,0
557,38,152,51,11,17,-1,-1,-1,0
557,42,156,60,9,11,-1,-1,-1,0
557,43,161,56,15,15,-1,-1,-1,0
558,32,270,241,12,17,-1,-1,-1,0
558,33,191,262,12,21,-1,-1,-1,0
558,38,134,38,15,15,-1,-1,-1,0
558,42,155,56,9,11,-1,-1,-1,0
558,43,149,42,16,15,-1,-1,-1,0
559,32,270,236,12,17,-1,-1,-1,0
559,33,186,257,17,21,-1,-1,-1,0
559,38,135,37,13,13,-1,-1,-1,0
559,43,146,38,15,15,-1,-1,-1,0
560,32,263,228,12,17,-1,-1,-1,0
560,33,182,251,12,21,-1,-1,-1,0
560,38,133,33,13,11,-1,-1,-1,0
561,32,260,225,12,17,-1,-1,-1,0
561,33,176,250,18,18,-1,-1,-1,0
562,32,259,224,12,17,-1,-1,-1,0
562,33,176,252,16,17,-1,-1,-1,0
562,38,118,31,13,12,-1,-1,-1,0
562,43,129,31,15,15,-1,-1,-1,0
562,47,226,201,12,16,-1,-1,-1,0
563,32,258,224,12,17,-1,-1,-1,0
563,33,175,249,16,20,-1,-1,-1,0
563,38,111,28,13,12,-1,-1,-1,0
563,43,122,28,15,15,-1,-1,-1,0
563,47,226,201,12,16,-1,-1,-1,0
564,32,258,224,12,17,-1,-1,-1,0
564,33,173,247,17,22,-1,-1,-1,0
564,38,104,26,14,12,-1,-1,-1,0
564,43,116,26,15,15,-1,-1,-1,0
564,47,226,201,12,16,-1,-1,-1,0
565,32,233,205,12,17,-1,-1,-1,0
565,33,170,244,16,23,-1,-1,-1,0
565,38,106,24,15,14,-1,-1,-1,0
565,43,101,23,15,14,-1,-1,-1,0
565,44,253,222,12,17,-1,-1,-1,0
566,32,242,214,12,17,-1,-1,-1,0
566,33,165,241,16,23,-1,-1,-1,0
566,38,94,21,15,14,-1,-1,-1,0
566,43,102,22,14,14,-1,-1,-1,0
566,44,252,218,12,17,-1,-1,-1,0
567,32,240,215,12,17,-1,-1,-1,0
567,33,158,242,17,23,-1,-1,-1,0
567,38,90,18,15,15,-1,-1,-1,0
567,42,78,25,11,12,-1,-1,-1,0
567,43,89,22,15,15,-1,-1,-1,0
568,32,218,201,12,16,-1,-1,-1,0
568,33,154,240,18,25,-1,-1,-1,0
568,38,81,22,10,15,-1,-1,-1,0
568,42,72,22,12,12,-1,-1,-1,0
568,43,86,21,15,15,-1,-1,-1,0
569,32,210,195,12,16,-1,-1,-1,0
569,33,151,242,20,23,-1,-1,-1,0
569,38,75,22,12,15,-1,-1,-1,0
569,43,84,21,15,15,-1,-1,-1,0
569,47,235,215,12,17,-1,-1,-1,0
570,32,207,194,12,16,-1,-1,-1,0
570,33,153,243,15,24,-1,-1,-1,0
570,38,73,22,14,15,-1,-1,-1,0
570,43,84,22,15,15,-1,-1,-1,0
570,47,237,217,12,17,-1,-1,-1,0
571,32,226,209,12,17,-1,-1,-1,0
571,33,151,246,18,23,-1,-1,-1,0
571,38,70,25,13,14,-1,-1,-1,0
571,43,81,24,15,15,-1,-1,-1,0
571,47,218,205,12,16,-1,-1,-1,0
572,32,213,204,13,16,-1,-1,-1,0
572,33,151,250,17,21,-1,-1,-1,0
572,38,66,28,12,14,-1,-1,-1,0
572,43,76,26,15,15,-1,-1,-1,0
572,47,230,215,12,17,-1,-1,-1,0
573,32,209,202,12,16,-1,-1,-1,0
573,33,151,253,17,21,-1,-1,-1,0
573,38,72,28,14,15,-1,-1,-1,0
573,43,68,27,12,16,-1,-1,-1,0
573,47,234,219,12,17,-1,-1,-1,0
574,32,207,202,12,16,-1,-1,-1,0
574,33,150,257,19,20,-1,-1,-1,0
574,38,67,32,11,14,-1,-1,-1,0
574,43,70,30,15,15,-1,-1,-1,0
574,47,235,222,12,17,-1,-1,-1,0
575,32,207,203,12,16,-1,-1,-1,0
575,33,150,262,20,17,-1,-1,-1,0
575,38,63,33,12,13,-1,-1,-1,0
575,43,69,33,16,15,-1,-1,-1,0
575,47,236,225,12,17,-1,-1,-1,0
576,32,206,204,12,16,-1,-1,-1,0
576,33,155,262,14,19,-1,-1,-1,0
576,38,59,35,13,15,-1,-1,-1,0
576,43,70,35,15,15,-1,-1,-1,0
576,47,236,227,12,17,-1,-1,-1,0
577,32,227,225,12,17,-1,-1,-1,0
577,33,161,272,14,19,-1,-1,-1,0
577,38,56,35,13,16,-1,-1,-1,0
577,43,67,35,15,15,-1,-1,-1,0
577,44,213,216,12,16,-1,-1,-1,0
578,32,235,233,12,17,-1,-1,-1,0
578,33,159,271,17,23,-1,-1,-1,0
578,38,57,43,11,18,-1,-1,-1,0
578,43,66,44,15,15,-1,-1,-1,0
578,44,211,217,12,16,-1,-1,-1,0
579,32,239,236,12,17,-1,-1,-1,0
579,33,160,274,17,21,-1,-1,-1,0
579,38,57,47,12,16,-1,-1,-1,0
579,43,66,46,15,15,-1,-1,-1,0
579,44,210,217,12,16,-1,-1,-1,0
580,32,240,237,12,17,-1,-1,-1,0
580,33,156,276,23,21,-1,-1,-1,0
580,38,55,48,12,16,-1,-1,-1,0
580,43,66,47,15,15,-1,-1,-1,0
580,44,210,217,12,16,-1,-1,-1,0
581,32,224,228,11,16,-1,-1,-1,0
581,33,160,279,20,21,-1,-1,-1,0
581,38,56,53,12,13,-1,-1,-1,0
581,43,65,49,14,15,-1,-1,-1,0
581,44,227,231,16,17,-1,-1,-1,0
582,32,232,238,18,17,-1,-1,-1,0
582,33,166,283,17,22,-1,-1,-1,0
582,38,55,57,11,12,-1,-1,-1,0
582,43,65,53,13,16,-1,-1,-1,0
582,44,222,229,12,15,-1,-1,-1,0
583,32,225,233,11,16,-1,-1,-1,0
583,33,169,286,16,22,-1,-1,-1,0
583,38,55,61,10,11,-1,-1,-1,0
583,43,64,57,12,15,-1,-1,-1,0
583,44,232,240,18,16,-1,-1,-1,0
584,32,221,233,12,15,-1,-1,-1,0
584,33,172,289,14,21,-1,-1,-1,0
584,38,56,64,8,11,-1,-1,-1,0
584,43,63,60,12,15,-1,-1,-1,0
584,44,237,245,18,17,-1,-1,-1,0
585,32,235,245,16,16,-1,-1,-1,0
585,33,174,292,14,20,-1,-1,-1,0
585,38,58,68,7,10,-1,-1,-1,0
585,43,62,63,12,15,-1,-1,-1,0
585,44,227,240,14,14,-1,-1,-1,0
586,32,243,250,12,16,-1,-1,-1,0
586,33,174,290,14,23,-1,-1,-1,0
586,38,57,70,7,10,-1,-1,-1,0
586,43,61,64,15,15,-1,-1,-1,0
586,44,224,236,12,16,-1,-1,-1,0
587,32,245,251,12,17,-1,-1,-1,0
587,33,172,292,17,21,-1,-1,-1,0
587,43,61,65,15,15,-1,-1,-1,0
587,44,222,235,12,15,-1,-1,-1,0
588,32,232,244,13,15,-1,-1,-1,0
588,33,175,296,15,18,-1,-1,-1,0
588,43,60,67,15,15,-1,-1,-1,0
588,44,239,247,12,17,-1,-1,-1,0
588,52,49,66,13,15,-1,-1,-1,0
589,32,230,243,12,15,-1,-1,-1,0
589,33,179,302,15,15,-1,-1,-1,0
589,43,60,70,15,15,-1,-1,-1,0
589,44,246,253,13,17,-1,-1,-1,0
589,52,50,71,12,14,-1,-1,-1,0
590,32,244,254,14,16,-1,-1,-1,0
590,33,183,307,14,13,-1,-1,-1,0
590,43,61,73,14,16,-1,-1,-1,0
590,44,238,249,13,16,-1,-1,-1,0
590,52,51,76,11,14,-1,-1,-1,0
591,32,251,260,14,16,-1,-1,-1,0
591,33,187,313,15,10,-1,-1,-1,0
591,43,61,77,15,15,-1,-1,-1,0
591,44,237,251,13,15,-1,-1,-1,0
591,52,51,81,12,13,-1,-1,-1,0
592,32,243,253,12,16,-1,-1,-1,0
592,33,190,317,12,8,-1,-1,-1,0
592,43,61,79,15,16,-1,-1,-1,0
592,44,251,260,11,16,-1,-1,-1,0
592,52,51,82,13,13,-1,-1,-1,0
593,32,239,250,12,16,-1,-1,-1,0
593,33,192,320,11,7,-1,-1,-1,0
593,43,62,80,15,15,-1,-1,-1,0
593,44,255,263,12,16,-1,-1,-1,0
593,52,56,80,9,14,-1,-1,-1,0
594,32,251,259,12,17,-1,-1,-1,0
594,43,61,79,15,15,-1,-1,-1,0
594,44,244,254,12,16,-1,-1,-1,0
594,52,56,82,9,12,-1,-1,-1,0
595,32,253,261,12,17,-1,-1,-1,0
595,38,55,87,9,11,-1,-1,-1,0
595,43,61,83,15,15,-1,-1,-1,0
595,44,244,256,12,16,-1,-1,-1,0
596,32,260,266,12,17,-1,-1,-1,0
596,38,51,86,12,13,-1,-1,-1,0
596,43,61,84,15,15,-1,-1,-1,0
596,44,243,256,12,16,-1,-1,-1,0
597,32,251,264,13,15,-1,-1,-1,0
597,38,52,90,11,12,-1,-1,-1,0
597,43,62,86,12,16,-1,-1,-1,0
597,44,255,266,14,16,-1,-1,-1,0
598,32,259,271,15,17,-1,-1,-1,0
598,38,53,95,10,11,-1,-1,-1,0
598,43,60,89,12,17,-1,-1,-1,0
598,44,254,269,12,14,-1,-1,-1,0
599,32,255,268,12,16,-1,-1,-1,0
599,38,52,95,10,12,-1,-1,-1,0
599,43,59,92,16,16,-1,-1,-1,0
599,44,262,274,12,16,-1,-1,-1,0
600,32,262,273,12,17,-1,-1,-1,0
600,38,50,95,12,13,-1,-1,-1,0
600,43,59,93,16,16,-1,-1,-1,0
600,44,255,269,12,16,-1,-1,-1,0
601,32,266,276,12,17,-1,-1,-1,0
601,38,49,97,13,13,-1,-1,-1,0
601,43,60,95,15,15,-1,-1,-1,0
601,44,255,268,12,16,-1,-1,-1,0
602,32,261,272,12,16,-1,-1,-1,0
602,38,50,100,12,12,-1,-1,-1,0
602,43,60,97,16,15,-1,-1,-1,0
602,44,266,275,11,17,-1,-1,-1,0
603,32,258,270,12,16,-1,-1,-1,0
603,38,52,99,11,13,-1,-1,-1,0
603,43,61,98,15,15,-1,-1,-1,0
603,44,270,278,12,17,-1,-1,-1,0
604,32,268,275,12,17,-1,-1,-1,0
604,38,50,97,12,14,-1,-1,-1,0
604,43,60,97,15,15,-1,-1,-1,0
604,44,263,271,12,16,-1,-1,-1,0
605,32,274,276,12,17,-1,-1,-1,0
605,38,47,95,14,16,-1,-1,-1,0
605,43,59,95,15,15,-1,-1,-1,0
605,44,263,268,12,16,-1,-1,-1,0
606,32,276,277,12,17,-1,-1,-1,0
606,38,46,97,15,14,-1,-1,-1,0
606,43,59,96,15,15,-1,-1,-1,0
606,44,262,267,12,16,-1,-1,-1,0
607,32,276,272,12,17,-1,-1,-1,0
607,38,43,91,15,15,-1,-1,-1,0
607,43,57,91,15,15,-1,-1,-1,0
607,44,263,263,12,16,-1,-1,-1,0
608,32,268,262,13,16,-1,-1,-1,0
608,38,39,84,16,16,-1,-1,-1,0
608,43,54,85,15,15,-1,-1,-1,0
608,44,271,263,12,17,-1,-1,-1,0
609,32,265,260,13,16,-1,-1,-1,0
609,38,43,82,12,15,-1,-1,-1,0
609,43,54,82,15,15,-1,-1,-1,0
609,44,274,264,12,17,-1,-1,-1,0
610,32,272,252,12,16,-1,-1,-1,0
610,38,39,73,11,15,-1,-1,-1,0
610,43,49,74,15,15,-1,-1,-1,0
610,44,268,247,12,16,-1,-1,-1,0
611,32,267,245,12,16,-1,-1,-1,0
611,38,36,71,13,15,-1,-1,-1,0
611,43,48,71,15,15,-1,-1,-1,0
611,44,273,246,12,17,-1,-1,-1,0
612,32,265,243,12,16,-1,-1,-1,0
612,38,37,70,12,15,-1,-1,-1,0
612,43,47,69,15,15,-1,-1,-1,0
612,44,274,247,12,17,-1,-1,-1,0
612,55,221,296,14,18,-1,-1,-1,0
613,32,264,242,12,16,-1,-1,-1,0
613,38,38,72,12,13,-1,-1,-1,0
613,43,47,69,15,15,-1,-1,-1,0
613,44,274,247,12,17,-1,-1,-1,0
613,55,219,296,15,18,-1,-1,-1,0
614,32,269,239,12,17,-1,-1,-1,0
614,38,37,67,10,13,-1,-1,-1,0
614,43,44,63,14,15,-1,-1,-1,0
614,44,266,238,13,16,-1,-1,-1,0
614,55,219,291,15,18,-1,-1,-1,0
615,32,269,232,14,18,-1,-1,-1,0
615,38,34,59,10,14,-1,-1,-1,0
615,43,42,55,12,17,-1,-1,-1,0
615,44,262,230,13,14,-1,-1,-1,0
615,55,221,285,14,18,-1,-1,-1,0
616,32,270,224,14,18,-1,-1,-1,0
616,38,32,52,10,15,-1,-1,-1,0
616,43,39,49,13,17,-1,-1,-1,0
616,44,261,223,12,13,-1,-1,-1,0
616,55,221,278,14,18,-1,-1,-1,0
617,32,270,216,14,19,-1,-1,-1,0
617,38,29,46,11,15,-1,-1,-1,0
617,43,38,44,13,17,-1,-1,-1,0
617,44,261,216,11,13,-1,-1,-1,0
617,55,221,271,14,18,-1,-1,-1,0
618,32,270,208,14,20,-1,-1,-1,0
618,38,27,41,11,15,-1,-1,-1,0
618,43,36,39,14,17,-1,-1,-1,0
618,44,261,211,11,12,-1,-1,-1,0
618,55,222,264,14,18,-1,-1,-1,0
619,32,271,201,13,20,-1,-1,-1,0
619,38,25,35,12,16,-1,-1,-1,0
619,43,34,33,14,17,-1,-1,-1,0
619,44,261,204,11,12,-1,-1,-1,0
619,55,222,257,14,18,-1,-1,-1,0
620,32,270,194,13,20,-1,-1,-1,0
620,38,22,30,12,14,-1,-1,-1,0
620,43,32,28,13,16,-1,-1,-1,0
620,44,260,197,10,13,-1,-1,-1,0
620,55,222,250,14,18,-1,-1,-1,0
621,32,267,188,15,18,-1,-1,-1,0
621,38,21,24,9,14,-1,-1,-1,0
621,43,28,23,12,14,-1,-1,-1,0
621,44,259,190,10,13,-1,-1,-1,0
621,55,223,241,14,19,-1,-1,-1,0
622,32,261,186,13,17,-1,-1,-1,0
622,38,18,23,11,13,-1,-1,-1,0
622,43,27,21,14,15,-1,-1,-1,0
622,44,258,185,11,13,-1,-1,-1,0
622,55,226,239,11,19,-1,-1,-1,0
623,32,258,186,13,16,-1,-1,-1,0
623,38,18,23,10,13,-1,-1,-1,0
623,43,26,22,15,14,-1,-1,-1,0
623,44,267,188,11,16,-1,-1,-1,0
623,55,224,238,13,19,-1,-1,-1,0
624,32,258,185,12,17,-1,-1,-1,0
624,38,16,20,11,12,-1,-1,-1,0
624,43,26,21,15,15,-1,-1,-1,0
624,44,269,188,12,17,-1,-1,-1,0
624,52,15,23,13,17,-1,-1,-1,0
625,32,263,181,12,17,-1,-1,-1,0
625,43,22,17,15,15,-1,-1,-1,0
625,44,260,181,12,16,-1,-1,-1,0
625,52,10,15,13,17,-1,-1,-1,0
625,55,221,230,15,21,-1,-1,-1,0
626,32,263,174,12,17,-1,-1,-1,0
626,43,17,11,15,15,-1,-1,-1,0
626,44,254,172,12,17,-1,-1,-1,0
626,52,6,10,13,15,-1,-1,-1,0
626,55,218,223,17,20,-1,-1,-1,0
627,32,259,162,12,19,-1,-1,-1,0
627,43,15,8,15,15,-1,-1,-1,0
627,44,249,164,12,15,-1,-1,-1,0
628,32,253,150,12,20,-1,-1,-1,0
628,44,245,157,10,13,-1,-1,-1,0
628,55,212,206,16,20,-1,-1,-1,0
629,32,250,151,15,16,-1,-1,-1,0
629,38,0,0,10,12,-1,-1,-1,0
629,44,241,155,12,12,-1,-1,-1,0
629,55,210,203,17,19,-1,-1,-1,0
630,32,251,150,12,16,-1,-1,-1,0
630,38,0,0,7,9,-1,-1,-1,0
630,43,0,0,11,13,-1,-1,-1,0
630,44,240,151,12,15,-1,-1,-1,0
631,32,248,147,12,17,-1,-1,-1,0
631,43,0,0,8,10,-1,-1,-1,0
631,44,237,149,13,14,-1,-1,-1,0
632,32,245,144,12,17,-1,-1,-1,0
632,44,236,147,12,12,-1,-1,-1,0
632,55,208,195,14,19,-1,-1,-1,0
633,32,246,142,10,17,-1,-1,-1,0
633,44,234,146,12,12,-1,-1,-1,0
633,55,209,195,12,19,-1,-1,-1,0
634,32,236,142,12,16,-1,-1,-1,0
634,44,233,142,11,12,-1,-1,-1,0
634,55,209,194,12,20,-1,-1,-1,0
635,32,240,142,12,17,-1,-1,-1,0
635,44,236,145,10,12,-1,-1,-1,0
635,55,207,194,14,20,-1,-1,-1,0
636,32,235,142,12,16,-1,-1,-1,0
636,44,235,142,10,12,-1,-1,-1,0
636,55,207,192,13,22,-1,-1,-1,0
637,32,234,144,12,15,-1,-1,-1,0
637,55,208,193,14,21,-1,-1,-1,0
638,32,241,145,13,16,-1,-1,-1,0
638,55,210,196,16,19,-1,-1,-1,0
639,32,240,147,11,14,-1,-1,-1,0
639,55,211,193,16,22,-1,-1,-1,0
640,32,243,151,9,13,-1,-1,-1,0
640,55,212,198,19,20,-1,-1,-1,0
641,32,242,152,11,13,-1,-1,-1,0
641,44,249,154,12,14,-1,-1,-1,0
641,55,217,199,15,19,-1,-1,-1,0
642,32,242,153,11,12,-1,-1,-1,0
642,44,250,155,12,14,-1,-1,-1,0
642,55,218,201,16,17,-1,-1,-1,0
643,32,243,151,10,13,-1,-1,-1,0
643,44,249,154,15,14,-1,-1,-1,0
643,55,219,200,14,18,-1,-1,-1,0
644,32,244,152,9,13,-1,-1,-1,0
644,44,250,155,12,15,-1,-1,-1,0
644,55,219,202,14,17,-1,-1,-1,0
645,32,248,158,9,13,-1,-1,-1,0
645,44,247,157,9,12,-1,-1,-1,0
645,55,219,204,14,18,-1,-1,-1,0
646,32,246,159,10,11,-1,-1,-1,0
646,44,249,160,10,12,-1,-1,-1,0
646,55,220,203,13,20,-1,-1,-1,0
647,32,244,161,9,10,-1,-1,-1,0
647,44,248,163,11,12,-1,-1,-1,0
647,55,220,205,13,20,-1,-1,-1,0
648,32,242,163,9,10,-1,-1,-1,0
648,44,246,166,11,13,-1,-1,-1,0
648,55,218,208,14,20,-1,-1,-1,0
649,32,240,166,9,10,-1,-1,-1,0
649,44,244,169,11,13,-1,-1,-1,0
649,55,218,212,14,18,-1,-1,-1,0
650,32,235,171,9,10,-1,-1,-1,0
650,44,239,172,12,14,-1,-1,-1,0
650,55,215,217,14,18,-1,-1,-1,0
651,32,229,176,9,9,-1,-1,-1,0
651,44,234,177,12,14,-1,-1,-1,0
651,55,212,223,12,18,-1,-1,-1,0
652,32,226,179,10,9,-1,-1,-1,0
652,44,233,177,11,16,-1,-1,-1,0
652,55,206,223,15,18,-1,-1,-1,0
653,32,226,179,8,10,-1,-1,-1,0
653,44,231,180,12,13,-1,-1,-1,0
653,55,208,223,12,17,-1,-1,-1,0
654,32,224,181,9,9,-1,-1,-1,0
655,55,200,227,13,18,-1,-1,-1,0
656,55,194,229,14,19,-1,-1,-1,0
657,55,189,233,14,20,-1,-1,-1,0
658,55,186,238,12,19,-1,-1,-1,0
659,55,181,241,15,19,-1,-1,-1,0
660,55,183,242,12,18,-1,-1,-1,0
661,55,181,243,14,19,-1,-1,-1,0
662,55,179,244,15,21,-1,-1,-1,0
663,55,176,242,18,23,-1,-1,-1,0
664,55,177,247,16,22,-1,-1,-1,0
665,55,173,248,19,22,-1,-1,-1,0
666,55,174,250,18,21,-1,-1,-1,0
667,55,174,251,18,21,-1,-1,-1,0
668,55,174,252,19,22,-1,-1,-1,0
669,55,176,250,15,24,-1,-1,-1,0
670,55,176,250,19,24,-1,-1,-1,0
671,55,178,248,17,27,-1,-1,-1,0
672,55,178,249,20,25,-1,-1,-1,0
673,55,178,249,19,25,-1,-1,-1,0
674,55,181,250,18,24,-1,-1,-1,0
675,55,186,254,16,21,-1,-1,-1,0
676,55,188,254,15,21,-1,-1,-1,0
677,55,188,254,16,21,-1,-1,-1,0
678,55,189,254,16,21,-1,-1,-1,0
679,55,189,254,16,21,-1,-1,-1,0
680,55,191,254,15,21,-1,-1,-1,0
681,55,193,252,14,22,-1,-1,-1,0
682,55,192,254,16,19,-1,-1,-1,0
683,55,195,251,12,23,-1,-1,-1,0
684,55,193,251,15,23,-1,-1,-1,0
685,55,192,249,16,22,-1,-1,-1,0
686,55,193,247,15,20,-1,-1,-1,0
687,55,192,234,15,22,-1,-1,-1,0
688,55,191,219,14,23,-1,-1,-1,0
689,55,191,214,14,23,-1,-1,-1,0
690,55,189,207,16,24,-1,-1,-1,0
691,55,188,201,17,22,-1,-1,-1,0
692,55,188,195,17,21,-1,-1,-1,0
693,55,186,191,19,22,-1,-1,-1,0
