2,4,357,79,14,13,-1,-1,-1,0
3,4,339,84,11,12,-1,-1,-1,0
3,5,327,96,15,13,-1,-1,-1,0
4,4,330,85,11,13,-1,-1,-1,0
4,5,326,95,12,14,-1,-1,-1,0
5,4,324,92,10,14,-1,-1,-1,0
5,5,323,94,13,14,-1,-1,-1,0
5,8,347,74,13,17,-1,-1,-1,0
6,4,320,88,11,12,-1,-1,-1,0
6,5,321,94,9,13,-1,-1,-1,0
6,8,343,76,12,15,-1,-1,-1,0
7,4,332,83,9,11,-1,-1,-1,0
7,5,316,95,10,11,-1,-1,-1,0
7,8,340,75,12,16,-1,-1,-1,0
8,4,336,81,9,11,-1,-1,-1,0
8,5,315,95,9,10,-1,-1,-1,0
9,4,338,79,8,11,-1,-1,-1,0
9,5,314,95,9,10,-1,-1,-1,0
9,10,320,86,9,10,-1,-1,-1,0
10,4,338,77,9,11,-1,-1,-1,0
10,5,316,95,9,10,-1,-1,-1,0
10,10,321,85,9,10,-1,-1,-1,0
11,4,337,77,9,10,-1,-1,-1,0
11,5,312,91,13,14,-1,-1,-1,0
11,8,335,68,12,18,-1,-1,-1,0
12,5,313,89,10,17,-1,-1,-1,0
12,8,336,69,13,17,-1,-1,-1,0
13,5,316,80,14,16,-1,-1,-1,0
13,8,339,69,12,17,-1,-1,-1,0
14,4,321,89,12,14,-1,-1,-1,0
14,5,320,78,14,15,-1,-1,-1,0
14,8,341,70,13,15,-1,-1,-1,0
15,4,338,79,12,13,-1,-1,-1,0
15,5,324,79,13,13,-1,-1,-1,0
15,8,341,69,12,16,-1,-1,-1,0
16,4,343,74,13,14,-1,-1,-1,0
16,5,326,79,12,13,-1,-1,-1,0
16,10,324,92,12,12,-1,-1,-1,0
17,4,336,77,12,12,-1,-1,-1,0
17,5,342,73,12,13,-1,-1,-1,0
17,10,327,90,12,13,-1,-1,-1,0
18,4,336,77,12,12,-1,-1,-1,0
18,5,337,82,12,13,-1,-1,-1,0
18,10,346,76,12,13,-1,-1,-1,0
19,4,339,76,13,12,-1,-1,-1,0
19,5,353,73,12,13,-1,-1,-1,0
19,10,342,83,12,13,-1,-1,-1,0
20,4,344,74,12,12,-1,-1,-1,0
20,5,362,67,12,13,-1,-1,-1,0
20,10,344,84,12,13,-1,-1,-1,0
21,4,362,68,11,12,-1,-1,-1,0
21,5,355,78,12,13,-1,-1,-1,0
21,10,350,76,12,13,-1,-1,-1,0
22,4,368,65,12,13,-1,-1,-1,0
22,5,353,74,13,13,-1,-1,-1,0
22,10,352,75,13,13,-1,-1,-1,0
23,4,357,77,12,13,-1,-1,-1,0
23,5,367,67,12,13,-1,-1,-1,0
24,4,357,80,12,13,-1,-1,-1,0
24,5,376,64,12,13,-1,-1,-1,0
24,10,359,71,12,12,-1,-1,-1,0
25,4,355,79,14,14,-1,-1,-1,0
25,5,379,60,9,15,-1,-1,-1,0
25,10,359,67,13,13,-1,-1,-1,0
26,4,357,78,13,14,-1,-1,-1,0
26,5,380,59,10,14,-1,-1,-1,0
26,8,359,64,12,15,-1,-1,-1,0
27,4,359,77,11,15,-1,-1,-1,0
27,5,381,57,10,15,-1,-1,-1,0
27,8,362,65,11,13,-1,-1,-1,0
28,4,363,76,9,15,-1,-1,-1,0
28,5,371,62,12,13,-1,-1,-1,0
28,8,376,59,10,15,-1,-1,-1,0
29,4,365,75,9,15,-1,-1,-1,0
29,5,369,64,11,12,-1,-1,-1,0
29,8,381,57,11,14,-1,-1,-1,0
30,4,366,75,10,14,-1,-1,-1,0
30,5,370,65,11,12,-1,-1,-1,0
30,8,384,56,11,14,-1,-1,-1,0
31,4,368,74,11,14,-1,-1,-1,0
31,5,371,65,12,12,-1,-1,-1,0
31,8,387,57,11,13,-1,-1,-1,0
32,4,372,69,12,13,-1,-1,-1,0
32,5,370,71,12,13,-1,-1,-1,0
32,8,389,57,12,13,-1,-1,-1,0
33,4,373,66,10,13,-1,-1,-1,0
33,5,370,73,11,15,-1,-1,-1,0
33,8,388,54,13,14,-1,-1,-1,0
34,4,376,70,12,14,-1,-1,-1,0
34,5,377,67,11,13,-1,-1,-1,0
34,8,393,51,13,15,-1,-1,-1,0
35,4,384,70,12,14,-1,-1,-1,0
35,5,386,63,11,13,-1,-1,-1,0
35,8,401,50,13,14,-1,-1,-1,0
36,4,392,69,12,14,-1,-1,-1,0
36,5,395,60,12,13,-1,-1,-1,0
36,8,410,48,13,14,-1,-1,-1,0
37,4,403,62,13,13,-1,-1,-1,0
37,5,402,64,12,14,-1,-1,-1,0
37,8,418,47,14,14,-1,-1,-1,0
38,4,414,58,12,13,-1,-1,-1,0
38,5,411,66,13,13,-1,-1,-1,0
38,8,429,46,12,13,-1,-1,-1,0
39,4,418,57,12,12,-1,-1,-1,0
39,5,415,66,13,13,-1,-1,-1,0
39,8,433,46,11,13,-1,-1,-1,0
40,4,435,61,11,13,-1,-1,-1,0
40,5,435,58,11,12,-1,-1,-1,0
40,8,452,43,12,13,-1,-1,-1,0
41,4,441,62,11,13,-1,-1,-1,0
41,5,442,55,11,12,-1,-1,-1,0
41,8,460,41,12,13,-1,-1,-1,0
42,4,445,62,8,14,-1,-1,-1,0
42,5,444,51,13,13,-1,-1,-1,0
42,8,460,40,12,14,-1,-1,-1,0
43,4,448,61,9,15,-1,-1,-1,0
43,5,450,48,11,14,-1,-1,-1,0
43,8,463,39,12,14,-1,-1,-1,0
44,4,455,51,9,14,-1,-1,-1,0
44,5,453,56,10,14,-1,-1,-1,0
44,8,469,36,10,16,-1,-1,-1,0
45,4,459,56,9,15,-1,-1,-1,0
45,5,461,49,8,15,-1,-1,-1,0
45,8,475,35,9,16,-1,-1,-1,0
46,4,464,48,10,15,-1,-1,-1,0
46,5,462,54,11,14,-1,-1,-1,0
46,8,478,33,10,17,-1,-1,-1,0
47,4,465,52,12,14,-1,-1,-1,0
47,5,468,48,11,14,-1,-1,-1,0
47,8,481,34,12,15,-1,-1,-1,0
48,4,467,53,13,14,-1,-1,-1,0
48,5,472,46,12,13,-1,-1,-1,0
48,8,483,34,13,14,-1,-1,-1,0
49,4,472,54,12,13,-1,-1,-1,0
49,5,475,45,12,12,-1,-1,-1,0
49,8,486,35,13,13,-1,-1,-1,0
50,4,474,54,12,13,-1,-1,-1,0
50,5,476,45,13,12,-1,-1,-1,0
50,8,487,35,13,13,-1,-1,-1,0
51,4,475,54,12,13,-1,-1,-1,0
51,5,477,45,12,12,-1,-1,-1,0
51,8,488,35,12,13,-1,-1,-1,0
52,4,475,54,12,13,-1,-1,-1,0
52,5,477,45,12,12,-1,-1,-1,0
52,8,488,35,12,13,-1,-1,-1,0
53,4,474,54,12,13,-1,-1,-1,0
53,5,477,45,11,12,-1,-1,-1,0
53,8,487,35,12,13,-1,-1,-1,0
54,4,477,44,12,13,-1,-1,-1,0
54,5,480,44,12,12,-1,-1,-1,0
54,8,487,33,12,13,-1,-1,-1,0
55,4,474,52,13,12,-1,-1,-1,0
55,5,477,43,12,13,-1,-1,-1,0
55,8,486,35,12,13,-1,-1,-1,0
56,4,473,56,12,12,-1,-1,-1,0
56,5,476,44,12,13,-1,-1,-1,0
56,8,485,37,12,13,-1,-1,-1,0
57,4,471,60,12,12,-1,-1,-1,0
57,5,475,47,12,13,-1,-1,-1,0
57,8,484,40,12,13,-1,-1,-1,0
58,4,471,63,12,13,-1,-1,-1,0
58,5,474,51,12,12,-1,-1,-1,0
58,8,483,44,12,13,-1,-1,-1,0
59,4,473,55,10,14,-1,-1,-1,0
59,5,471,58,11,14,-1,-1,-1,0
59,8,483,44,10,13,-1,-1,-1,0
60,4,472,56,10,13,-1,-1,-1,0
60,5,471,59,12,14,-1,-1,-1,0
60,8,482,46,11,13,-1,-1,-1,0
